Source,Year,Mean
gcag,1850-01,-0.6746
gcag,1850-02,-0.3334
gcag,1850-03,-0.5913
gcag,1850-04,-0.5887
gcag,1850-05,-0.5088
gcag,1850-06,-0.3442
gcag,1850-07,-0.1598
gcag,1850-08,-0.2077
gcag,1850-09,-0.3847
gcag,1850-10,-0.5331
gcag,1850-11,-0.2825
gcag,1850-12,-0.4037
gcag,1851-01,-0.2007
gcag,1851-02,-0.4693
gcag,1851-03,-0.6461
gcag,1851-04,-0.5421
gcag,1851-05,-0.1976
gcag,1851-06,-0.1367
gcag,1851-07,-0.0968
gcag,1851-08,-0.1018
gcag,1851-09,-0.0912
gcag,1851-10,-0.0084
gcag,1851-11,-0.0819
gcag,1851-12,-0.2275
gcag,1852-01,-0.3751
gcag,1852-02,-0.4767
gcag,1852-03,-0.5598
gcag,1852-04,-0.5854
gcag,1852-05,-0.1274
gcag,1852-06,-0.0837
gcag,1852-07,0.005
gcag,1852-08,-0.1356
gcag,1852-09,-0.0019
gcag,1852-10,-0.1724
gcag,1852-11,-0.3052
gcag,1852-12,0.0654
gcag,1853-01,-0.2326
gcag,1853-02,-0.4037
gcag,1853-03,-0.2804
gcag,1853-04,-0.3863
gcag,1853-05,-0.2679
gcag,1853-06,-0.1424
gcag,1853-07,-0.0834
gcag,1853-08,-0.0566
gcag,1853-09,-0.2503
gcag,1853-10,-0.3918
gcag,1853-11,-0.4114
gcag,1853-12,-0.3374
gcag,1854-01,-0.3814
gcag,1854-02,-0.3611
gcag,1854-03,-0.2427
gcag,1854-04,-0.3338
gcag,1854-05,-0.2895
gcag,1854-06,-0.299
gcag,1854-07,-0.1786
gcag,1854-08,-0.2394
gcag,1854-09,-0.2167
gcag,1854-10,-0.0953
gcag,1854-11,-0.4103
gcag,1854-12,-0.4504
gcag,1855-01,-0.1592
gcag,1855-02,-0.3134
gcag,1855-03,-0.344
gcag,1855-04,-0.2182
gcag,1855-05,-0.3873
gcag,1855-06,-0.333
gcag,1855-07,-0.333
gcag,1855-08,-0.1995
gcag,1855-09,-0.2707
gcag,1855-10,-0.1954
gcag,1855-11,-0.3893
gcag,1855-12,-0.4199
gcag,1856-01,-0.0756
gcag,1856-02,-0.3371
gcag,1856-03,-0.3577
gcag,1856-04,-0.3159
gcag,1856-05,-0.2851
gcag,1856-06,-0.2142
gcag,1856-07,-0.2247
gcag,1856-08,-0.2377
gcag,1856-09,-0.3882
gcag,1856-10,-0.4381
gcag,1856-11,-0.5523
gcag,1856-12,-0.4175
gcag,1857-01,-0.4948
gcag,1857-02,-0.4349
gcag,1857-03,-0.4786
gcag,1857-04,-0.6443
gcag,1857-05,-0.6587
gcag,1857-06,-0.3041
gcag,1857-07,-0.4114
gcag,1857-08,-0.369
gcag,1857-09,-0.3797
gcag,1857-10,-0.4726
gcag,1857-11,-0.6851
gcag,1857-12,-0.2735
gcag,1858-01,-0.2955
gcag,1858-02,-0.4769
gcag,1858-03,-0.5477
gcag,1858-04,-0.428
gcag,1858-05,-0.5321
gcag,1858-06,-0.3795
gcag,1858-07,-0.3356
gcag,1858-08,-0.2775
gcag,1858-09,-0.2832
gcag,1858-10,-0.2887
gcag,1858-11,-0.3655
gcag,1858-12,-0.455
gcag,1859-01,-0.3815
gcag,1859-02,-0.3435
gcag,1859-03,-0.3137
gcag,1859-04,-0.1572
gcag,1859-05,-0.1525
gcag,1859-06,-0.2496
gcag,1859-07,-0.3121
gcag,1859-08,-0.2446
gcag,1859-09,-0.3939
gcag,1859-10,-0.2547
gcag,1859-11,-0.2875
gcag,1859-12,-0.2844
gcag,1860-01,-0.3906
gcag,1860-02,-0.4683
gcag,1860-03,-0.7865
gcag,1860-04,-0.3061
gcag,1860-05,-0.3636
gcag,1860-06,-0.2115
gcag,1860-07,-0.1848
gcag,1860-08,-0.1142
gcag,1860-09,-0.1313
gcag,1860-10,-0.346
gcag,1860-11,-0.6049
gcag,1860-12,-0.7742
gcag,1861-01,-0.918
gcag,1861-02,-0.6246
gcag,1861-03,-0.4157
gcag,1861-04,-0.3862
gcag,1861-05,-0.6603
gcag,1861-06,-0.2514
gcag,1861-07,-0.2967
gcag,1861-08,-0.0411
gcag,1861-09,-0.2703
gcag,1861-10,-0.4766
gcag,1861-11,-0.4576
gcag,1861-12,-0.3509
gcag,1862-01,-0.8248
gcag,1862-02,-0.7155
gcag,1862-03,-0.5354
gcag,1862-04,-0.5221
gcag,1862-05,-0.3475
gcag,1862-06,-0.3066
gcag,1862-07,-0.3449
gcag,1862-08,-0.4562
gcag,1862-09,-0.3624
gcag,1862-10,-0.4487
gcag,1862-11,-0.6778
gcag,1862-12,-0.8945
gcag,1863-01,-0.0763
gcag,1863-02,-0.2495
gcag,1863-03,-0.355
gcag,1863-04,-0.2883
gcag,1863-05,-0.3837
gcag,1863-06,-0.3683
gcag,1863-07,-0.3123
gcag,1863-08,-0.2974
gcag,1863-09,-0.352
gcag,1863-10,-0.5043
gcag,1863-11,-0.4406
gcag,1863-12,-0.5032
gcag,1864-01,-0.8532
gcag,1864-02,-0.5934
gcag,1864-03,-0.4994
gcag,1864-04,-0.5436
gcag,1864-05,-0.3238
gcag,1864-06,-0.1125
gcag,1864-07,-0.2596
gcag,1864-08,-0.3079
gcag,1864-09,-0.4425
gcag,1864-10,-0.6029
gcag,1864-11,-0.4562
gcag,1864-12,-0.5903
gcag,1865-01,-0.1761
gcag,1865-02,-0.4667
gcag,1865-03,-0.6612
gcag,1865-04,-0.4482
gcag,1865-05,-0.3775
gcag,1865-06,-0.1952
gcag,1865-07,-0.2152
gcag,1865-08,-0.2118
gcag,1865-09,-0.1709
gcag,1865-10,-0.2694
gcag,1865-11,-0.3371
gcag,1865-12,-0.4606
gcag,1866-01,-0.1321
gcag,1866-02,-0.4011
gcag,1866-03,-0.6822
gcag,1866-04,-0.4544
gcag,1866-05,-0.5728
gcag,1866-06,-0.0981
gcag,1866-07,-0.0083
gcag,1866-08,-0.2495
gcag,1866-09,-0.3778
gcag,1866-10,-0.4206
gcag,1866-11,-0.2983
gcag,1866-12,-0.4004
gcag,1867-01,-0.4052
gcag,1867-02,-0.3536
gcag,1867-03,-0.6812
gcag,1867-04,-0.4213
gcag,1867-05,-0.5748
gcag,1867-06,-0.3504
gcag,1867-07,-0.2528
gcag,1867-08,-0.3305
gcag,1867-09,-0.1479
gcag,1867-10,-0.1253
gcag,1867-11,-0.1957
gcag,1867-12,-0.4454
gcag,1868-01,-0.6849
gcag,1868-02,-0.6933
gcag,1868-03,-0.3339
gcag,1868-04,-0.363
gcag,1868-05,-0.2855
gcag,1868-06,-0.2969
gcag,1868-07,-0.0596
gcag,1868-08,-0.1933
gcag,1868-09,-0.3448
gcag,1868-10,-0.2297
gcag,1868-11,-0.4232
gcag,1868-12,-0.314
gcag,1869-01,-0.3357
gcag,1869-02,0.1313
gcag,1869-03,-0.626
gcag,1869-04,-0.4057
gcag,1869-05,-0.31
gcag,1869-06,-0.3845
gcag,1869-07,-0.4171
gcag,1869-08,-0.1679
gcag,1869-09,-0.1716
gcag,1869-10,-0.2935
gcag,1869-11,-0.2818
gcag,1869-12,-0.5366
gcag,1870-01,-0.2111
gcag,1870-02,-0.4549
gcag,1870-03,-0.4983
gcag,1870-04,-0.3329
gcag,1870-05,-0.2977
gcag,1870-06,-0.2312
gcag,1870-07,-0.0734
gcag,1870-08,-0.2582
gcag,1870-09,-0.2023
gcag,1870-10,-0.4429
gcag,1870-11,-0.2658
gcag,1870-12,-0.6664
gcag,1871-01,-0.5583
gcag,1871-02,-0.6721
gcag,1871-03,-0.1709
gcag,1871-04,-0.2219
gcag,1871-05,-0.3622
gcag,1871-06,-0.2864
gcag,1871-07,-0.0824
gcag,1871-08,-0.3224
gcag,1871-09,-0.3611
gcag,1871-10,-0.3733
gcag,1871-11,-0.5227
gcag,1871-12,-0.489
gcag,1872-01,-0.5988
gcag,1872-02,-0.6208
gcag,1872-03,-0.5237
gcag,1872-04,-0.3854
gcag,1872-05,-0.1415
gcag,1872-06,-0.2794
gcag,1872-07,-0.1463
gcag,1872-08,0.0086
gcag,1872-09,-0.1765
gcag,1872-10,-0.2035
gcag,1872-11,-0.322
gcag,1872-12,-0.548
gcag,1873-01,-0.2617
gcag,1873-02,-0.2825
gcag,1873-03,-0.4087
gcag,1873-04,-0.4806
gcag,1873-05,-0.3509
gcag,1873-06,-0.3205
gcag,1873-07,-0.1757
gcag,1873-08,-0.2278
gcag,1873-09,-0.4053
gcag,1873-10,-0.3906
gcag,1873-11,-0.4633
gcag,1873-12,-0.3279
gcag,1874-01,-0.1985
gcag,1874-02,-0.4384
gcag,1874-03,-0.6729
gcag,1874-04,-0.437
gcag,1874-05,-0.334
gcag,1874-06,-0.5658
gcag,1874-07,-0.1671
gcag,1874-08,-0.2961
gcag,1874-09,-0.1682
gcag,1874-10,-0.4712
gcag,1874-11,-0.4177
gcag,1874-12,-0.312
gcag,1875-01,-0.5711
gcag,1875-02,-0.4793
gcag,1875-03,-0.5643
gcag,1875-04,-0.3581
gcag,1875-05,-0.2728
gcag,1875-06,-0.28
gcag,1875-07,-0.1821
gcag,1875-08,-0.2465
gcag,1875-09,-0.2343
gcag,1875-10,-0.2332
gcag,1875-11,-0.5092
gcag,1875-12,-0.5767
gcag,1876-01,-0.5137
gcag,1876-02,-0.3374
gcag,1876-03,-0.3623
gcag,1876-04,-0.4243
gcag,1876-05,-0.5904
gcag,1876-06,-0.3523
gcag,1876-07,-0.2137
gcag,1876-08,-0.3272
gcag,1876-09,-0.4178
gcag,1876-10,-0.2998
gcag,1876-11,-0.6068
gcag,1876-12,-0.6434
gcag,1877-01,-0.4111
gcag,1877-02,-0.2093
gcag,1877-03,-0.0914
gcag,1877-04,-0.3459
gcag,1877-05,-0.4113
gcag,1877-06,-0.1382
gcag,1877-07,-0.0163
gcag,1877-08,0.2107
gcag,1877-09,0.1076
gcag,1877-10,0.1133
gcag,1877-11,0.034
gcag,1877-12,-0.0556
gcag,1878-01,-0.0698
gcag,1878-02,0.2294
gcag,1878-03,0.3613
gcag,1878-04,0.1885
gcag,1878-05,-0.1224
gcag,1878-06,0.0103
gcag,1878-07,-0.0772
gcag,1878-08,-0.0466
gcag,1878-09,0.0208
gcag,1878-10,-0.165
gcag,1878-11,-0.1426
gcag,1878-12,-0.3226
gcag,1879-01,-0.2378
gcag,1879-02,-0.266
gcag,1879-03,-0.2584
gcag,1879-04,-0.3824
gcag,1879-05,-0.3439
gcag,1879-06,-0.2833
gcag,1879-07,-0.2641
gcag,1879-08,-0.2653
gcag,1879-09,-0.2356
gcag,1879-10,-0.1591
gcag,1879-11,-0.3973
gcag,1879-12,-0.5505
GISTEMP,1880-01,-0.2
gcag,1880-01,-0.3939
GISTEMP,1880-02,-0.25
gcag,1880-02,-0.4499
GISTEMP,1880-03,-0.09
gcag,1880-03,-0.1944
GISTEMP,1880-04,-0.16
gcag,1880-04,-0.338
GISTEMP,1880-05,-0.09
gcag,1880-05,-0.3254
GISTEMP,1880-06,-0.22
gcag,1880-06,-0.3805
GISTEMP,1880-07,-0.2
gcag,1880-07,-0.3148
GISTEMP,1880-08,-0.09
gcag,1880-08,-0.1072
GISTEMP,1880-09,-0.15
gcag,1880-09,-0.297
GISTEMP,1880-10,-0.22
gcag,1880-10,-0.3909
GISTEMP,1880-11,-0.22
gcag,1880-11,-0.2807
GISTEMP,1880-12,-0.18
gcag,1880-12,-0.3173
GISTEMP,1881-01,-0.19
gcag,1881-01,-0.2146
GISTEMP,1881-02,-0.15
gcag,1881-02,-0.2246
GISTEMP,1881-03,0.02
gcag,1881-03,-0.2482
GISTEMP,1881-04,0.04
gcag,1881-04,-0.0625
GISTEMP,1881-05,0.07
gcag,1881-05,-0.1219
GISTEMP,1881-06,-0.19
gcag,1881-06,-0.3991
GISTEMP,1881-07,0.01
gcag,1881-07,-0.194
GISTEMP,1881-08,-0.04
gcag,1881-08,-0.1382
GISTEMP,1881-09,-0.16
gcag,1881-09,-0.3008
GISTEMP,1881-10,-0.22
gcag,1881-10,-0.2305
GISTEMP,1881-11,-0.18
gcag,1881-11,-0.3812
GISTEMP,1881-12,-0.07
gcag,1881-12,-0.2713
GISTEMP,1882-01,0.16
gcag,1882-01,-0.0254
GISTEMP,1882-02,0.14
gcag,1882-02,-0.1173
GISTEMP,1882-03,0.05
gcag,1882-03,-0.1771
GISTEMP,1882-04,-0.15
gcag,1882-04,-0.3147
GISTEMP,1882-05,-0.13
gcag,1882-05,-0.3257
GISTEMP,1882-06,-0.22
gcag,1882-06,-0.3923
GISTEMP,1882-07,-0.16
gcag,1882-07,-0.341
GISTEMP,1882-08,-0.07
gcag,1882-08,-0.2451
GISTEMP,1882-09,-0.14
gcag,1882-09,-0.1504
GISTEMP,1882-10,-0.23
gcag,1882-10,-0.3991
GISTEMP,1882-11,-0.17
gcag,1882-11,-0.4035
GISTEMP,1882-12,-0.36
gcag,1882-12,-0.6547
GISTEMP,1883-01,-0.29
gcag,1883-01,-0.4728
GISTEMP,1883-02,-0.36
gcag,1883-02,-0.4854
GISTEMP,1883-03,-0.12
gcag,1883-03,-0.2664
GISTEMP,1883-04,-0.18
gcag,1883-04,-0.439
GISTEMP,1883-05,-0.18
gcag,1883-05,-0.34
GISTEMP,1883-06,-0.07
gcag,1883-06,-0.1902
GISTEMP,1883-07,-0.07
gcag,1883-07,-0.2186
GISTEMP,1883-08,-0.14
gcag,1883-08,-0.2879
GISTEMP,1883-09,-0.22
gcag,1883-09,-0.3063
GISTEMP,1883-10,-0.11
gcag,1883-10,-0.3401
GISTEMP,1883-11,-0.24
gcag,1883-11,-0.3963
GISTEMP,1883-12,-0.11
gcag,1883-12,-0.4148
GISTEMP,1884-01,-0.12
gcag,1884-01,-0.4436
GISTEMP,1884-02,-0.08
gcag,1884-02,-0.3329
GISTEMP,1884-03,-0.36
gcag,1884-03,-0.5055
GISTEMP,1884-04,-0.4
gcag,1884-04,-0.509
GISTEMP,1884-05,-0.33
gcag,1884-05,-0.5656
GISTEMP,1884-06,-0.35
gcag,1884-06,-0.5138
GISTEMP,1884-07,-0.3
gcag,1884-07,-0.5659
GISTEMP,1884-08,-0.28
gcag,1884-08,-0.4291
GISTEMP,1884-09,-0.27
gcag,1884-09,-0.5043
GISTEMP,1884-10,-0.25
gcag,1884-10,-0.4633
GISTEMP,1884-11,-0.33
gcag,1884-11,-0.5852
GISTEMP,1884-12,-0.3
gcag,1884-12,-0.4897
GISTEMP,1885-01,-0.58
gcag,1885-01,-0.6561
GISTEMP,1885-02,-0.34
gcag,1885-02,-0.5528
GISTEMP,1885-03,-0.27
gcag,1885-03,-0.421
GISTEMP,1885-04,-0.42
gcag,1885-04,-0.635
GISTEMP,1885-05,-0.45
gcag,1885-05,-0.6063
GISTEMP,1885-06,-0.43
gcag,1885-06,-0.6366
GISTEMP,1885-07,-0.33
gcag,1885-07,-0.4205
GISTEMP,1885-08,-0.31
gcag,1885-08,-0.4051
GISTEMP,1885-09,-0.28
gcag,1885-09,-0.3567
GISTEMP,1885-10,-0.23
gcag,1885-10,-0.3615
GISTEMP,1885-11,-0.24
gcag,1885-11,-0.3843
GISTEMP,1885-12,-0.1
gcag,1885-12,-0.2176
GISTEMP,1886-01,-0.44
gcag,1886-01,-0.4797
GISTEMP,1886-02,-0.51
gcag,1886-02,-0.4788
GISTEMP,1886-03,-0.43
gcag,1886-03,-0.4872
GISTEMP,1886-04,-0.28
gcag,1886-04,-0.3616
GISTEMP,1886-05,-0.24
gcag,1886-05,-0.2926
GISTEMP,1886-06,-0.34
gcag,1886-06,-0.502
GISTEMP,1886-07,-0.18
gcag,1886-07,-0.3022
GISTEMP,1886-08,-0.31
gcag,1886-08,-0.4574
GISTEMP,1886-09,-0.24
gcag,1886-09,-0.3908
GISTEMP,1886-10,-0.28
gcag,1886-10,-0.413
GISTEMP,1886-11,-0.28
gcag,1886-11,-0.4908
GISTEMP,1886-12,-0.26
gcag,1886-12,-0.3948
GISTEMP,1887-01,-0.72
gcag,1887-01,-0.7438
GISTEMP,1887-02,-0.57
gcag,1887-02,-0.6589
GISTEMP,1887-03,-0.36
gcag,1887-03,-0.4454
GISTEMP,1887-04,-0.35
gcag,1887-04,-0.4828
GISTEMP,1887-05,-0.31
gcag,1887-05,-0.5295
GISTEMP,1887-06,-0.25
gcag,1887-06,-0.5258
GISTEMP,1887-07,-0.26
gcag,1887-07,-0.3889
GISTEMP,1887-08,-0.36
gcag,1887-08,-0.4455
GISTEMP,1887-09,-0.26
gcag,1887-09,-0.3886
GISTEMP,1887-10,-0.36
gcag,1887-10,-0.4446
GISTEMP,1887-11,-0.27
gcag,1887-11,-0.4352
GISTEMP,1887-12,-0.33
gcag,1887-12,-0.4965
GISTEMP,1888-01,-0.34
gcag,1888-01,-0.6185
GISTEMP,1888-02,-0.36
gcag,1888-02,-0.5873
GISTEMP,1888-03,-0.42
gcag,1888-03,-0.5973
GISTEMP,1888-04,-0.21
gcag,1888-04,-0.3519
GISTEMP,1888-05,-0.22
gcag,1888-05,-0.4113
GISTEMP,1888-06,-0.17
gcag,1888-06,-0.3217
GISTEMP,1888-07,-0.1
gcag,1888-07,-0.3386
GISTEMP,1888-08,-0.16
gcag,1888-08,-0.3105
GISTEMP,1888-09,-0.12
gcag,1888-09,-0.3247
GISTEMP,1888-10,0.01
gcag,1888-10,-0.1664
GISTEMP,1888-11,0.02
gcag,1888-11,-0.265
GISTEMP,1888-12,-0.04
gcag,1888-12,-0.2593
GISTEMP,1889-01,-0.09
gcag,1889-01,-0.2967
GISTEMP,1889-02,0.16
gcag,1889-02,-0.0066
GISTEMP,1889-03,0.06
gcag,1889-03,-0.0873
GISTEMP,1889-04,0.09
gcag,1889-04,-0.0868
GISTEMP,1889-05,-0.01
gcag,1889-05,-0.1581
GISTEMP,1889-06,-0.1
gcag,1889-06,-0.2128
GISTEMP,1889-07,-0.08
gcag,1889-07,-0.2809
GISTEMP,1889-08,-0.21
gcag,1889-08,-0.3071
GISTEMP,1889-09,-0.24
gcag,1889-09,-0.3417
GISTEMP,1889-10,-0.26
gcag,1889-10,-0.37
GISTEMP,1889-11,-0.34
gcag,1889-11,-0.5064
GISTEMP,1889-12,-0.29
gcag,1889-12,-0.3443
GISTEMP,1890-01,-0.42
gcag,1890-01,-0.5339
GISTEMP,1890-02,-0.45
gcag,1890-02,-0.465
GISTEMP,1890-03,-0.4
gcag,1890-03,-0.6111
GISTEMP,1890-04,-0.3
gcag,1890-04,-0.4941
GISTEMP,1890-05,-0.4
gcag,1890-05,-0.5365
GISTEMP,1890-06,-0.25
gcag,1890-06,-0.4948
GISTEMP,1890-07,-0.28
gcag,1890-07,-0.4891
GISTEMP,1890-08,-0.39
gcag,1890-08,-0.467
GISTEMP,1890-09,-0.37
gcag,1890-09,-0.4822
GISTEMP,1890-10,-0.25
gcag,1890-10,-0.4392
GISTEMP,1890-11,-0.44
gcag,1890-11,-0.6701
GISTEMP,1890-12,-0.32
gcag,1890-12,-0.3993
GISTEMP,1891-01,-0.34
gcag,1891-01,-0.5802
GISTEMP,1891-02,-0.47
gcag,1891-02,-0.5976
GISTEMP,1891-03,-0.18
gcag,1891-03,-0.3625
GISTEMP,1891-04,-0.28
gcag,1891-04,-0.4481
GISTEMP,1891-05,-0.17
gcag,1891-05,-0.3462
GISTEMP,1891-06,-0.21
gcag,1891-06,-0.3751
GISTEMP,1891-07,-0.18
gcag,1891-07,-0.3997
GISTEMP,1891-08,-0.18
gcag,1891-08,-0.3549
GISTEMP,1891-09,-0.16
gcag,1891-09,-0.2567
GISTEMP,1891-10,-0.22
gcag,1891-10,-0.343
GISTEMP,1891-11,-0.32
gcag,1891-11,-0.5339
GISTEMP,1891-12,-0.04
gcag,1891-12,-0.218
GISTEMP,1892-01,-0.3
gcag,1892-01,-0.4648
GISTEMP,1892-02,-0.13
gcag,1892-02,-0.2897
GISTEMP,1892-03,-0.41
gcag,1892-03,-0.533
GISTEMP,1892-04,-0.34
gcag,1892-04,-0.5456
GISTEMP,1892-05,-0.24
gcag,1892-05,-0.4569
GISTEMP,1892-06,-0.22
gcag,1892-06,-0.4364
GISTEMP,1892-07,-0.32
gcag,1892-07,-0.5868
GISTEMP,1892-08,-0.27
gcag,1892-08,-0.5083
GISTEMP,1892-09,-0.17
gcag,1892-09,-0.3824
GISTEMP,1892-10,-0.14
gcag,1892-10,-0.4338
GISTEMP,1892-11,-0.43
gcag,1892-11,-0.6607
GISTEMP,1892-12,-0.39
gcag,1892-12,-0.7923
GISTEMP,1893-01,-0.82
gcag,1893-01,-1.0449
GISTEMP,1893-02,-0.57
gcag,1893-02,-0.845
GISTEMP,1893-03,-0.23
gcag,1893-03,-0.4268
GISTEMP,1893-04,-0.28
gcag,1893-04,-0.5148
GISTEMP,1893-05,-0.34
gcag,1893-05,-0.5721
GISTEMP,1893-06,-0.26
gcag,1893-06,-0.4423
GISTEMP,1893-07,-0.14
gcag,1893-07,-0.2438
GISTEMP,1893-08,-0.26
gcag,1893-08,-0.287
GISTEMP,1893-09,-0.23
gcag,1893-09,-0.3651
GISTEMP,1893-10,-0.19
gcag,1893-10,-0.3043
GISTEMP,1893-11,-0.19
gcag,1893-11,-0.4048
GISTEMP,1893-12,-0.32
gcag,1893-12,-0.4845
GISTEMP,1894-01,-0.53
gcag,1894-01,-0.6276
GISTEMP,1894-02,-0.3
gcag,1894-02,-0.4295
GISTEMP,1894-03,-0.24
gcag,1894-03,-0.5116
GISTEMP,1894-04,-0.45
gcag,1894-04,-0.5375
GISTEMP,1894-05,-0.31
gcag,1894-05,-0.5192
GISTEMP,1894-06,-0.41
gcag,1894-06,-0.5836
GISTEMP,1894-07,-0.24
gcag,1894-07,-0.3921
GISTEMP,1894-08,-0.24
gcag,1894-08,-0.3536
GISTEMP,1894-09,-0.28
gcag,1894-09,-0.4397
GISTEMP,1894-10,-0.24
gcag,1894-10,-0.399
GISTEMP,1894-11,-0.27
gcag,1894-11,-0.4601
GISTEMP,1894-12,-0.22
gcag,1894-12,-0.5517
GISTEMP,1895-01,-0.42
gcag,1895-01,-0.636
GISTEMP,1895-02,-0.44
gcag,1895-02,-0.6418
GISTEMP,1895-03,-0.34
gcag,1895-03,-0.6179
GISTEMP,1895-04,-0.23
gcag,1895-04,-0.4611
GISTEMP,1895-05,-0.28
gcag,1895-05,-0.4825
GISTEMP,1895-06,-0.22
gcag,1895-06,-0.4254
GISTEMP,1895-07,-0.18
gcag,1895-07,-0.3349
GISTEMP,1895-08,-0.18
gcag,1895-08,-0.3772
GISTEMP,1895-09,-0.13
gcag,1895-09,-0.3943
GISTEMP,1895-10,-0.12
gcag,1895-10,-0.3257
GISTEMP,1895-11,-0.18
gcag,1895-11,-0.3214
GISTEMP,1895-12,-0.15
gcag,1895-12,-0.3668
GISTEMP,1896-01,-0.23
gcag,1896-01,-0.3152
GISTEMP,1896-02,-0.13
gcag,1896-02,-0.3366
GISTEMP,1896-03,-0.27
gcag,1896-03,-0.5884
GISTEMP,1896-04,-0.31
gcag,1896-04,-0.546
GISTEMP,1896-05,-0.16
gcag,1896-05,-0.3561
GISTEMP,1896-06,-0.12
gcag,1896-06,-0.2301
GISTEMP,1896-07,-0.03
gcag,1896-07,-0.1824
GISTEMP,1896-08,-0.06
gcag,1896-08,-0.1716
GISTEMP,1896-09,-0.08
gcag,1896-09,-0.1553
GISTEMP,1896-10,0.05
gcag,1896-10,-0.1179
GISTEMP,1896-11,-0.05
gcag,1896-11,-0.3141
GISTEMP,1896-12,-0.05
gcag,1896-12,-0.0944
GISTEMP,1897-01,-0.16
gcag,1897-01,-0.3001
GISTEMP,1897-02,-0.18
gcag,1897-02,-0.3486
GISTEMP,1897-03,-0.14
gcag,1897-03,-0.4155
GISTEMP,1897-04,-0.03
gcag,1897-04,-0.1176
GISTEMP,1897-05,-0.02
gcag,1897-05,-0.1141
GISTEMP,1897-06,-0.12
gcag,1897-06,-0.1627
GISTEMP,1897-07,-0.03
gcag,1897-07,-0.187
GISTEMP,1897-08,-0.1
gcag,1897-08,-0.1854
GISTEMP,1897-09,-0.09
gcag,1897-09,-0.1863
GISTEMP,1897-10,-0.14
gcag,1897-10,-0.2123
GISTEMP,1897-11,-0.19
gcag,1897-11,-0.4227
GISTEMP,1897-12,-0.21
gcag,1897-12,-0.4652
GISTEMP,1898-01,-0.03
gcag,1898-01,-0.1992
GISTEMP,1898-02,-0.31
gcag,1898-02,-0.5561
GISTEMP,1898-03,-0.52
gcag,1898-03,-0.8427
GISTEMP,1898-04,-0.32
gcag,1898-04,-0.663
GISTEMP,1898-05,-0.31
gcag,1898-05,-0.5596
GISTEMP,1898-06,-0.2
gcag,1898-06,-0.3347
GISTEMP,1898-07,-0.23
gcag,1898-07,-0.3948
GISTEMP,1898-08,-0.27
gcag,1898-08,-0.3894
GISTEMP,1898-09,-0.22
gcag,1898-09,-0.3708
GISTEMP,1898-10,-0.35
gcag,1898-10,-0.501
GISTEMP,1898-11,-0.39
gcag,1898-11,-0.5286
GISTEMP,1898-12,-0.24
gcag,1898-12,-0.4895
GISTEMP,1899-01,-0.17
gcag,1899-01,-0.3598
GISTEMP,1899-02,-0.39
gcag,1899-02,-0.554
GISTEMP,1899-03,-0.37
gcag,1899-03,-0.589
GISTEMP,1899-04,-0.21
gcag,1899-04,-0.4393
GISTEMP,1899-05,-0.23
gcag,1899-05,-0.3589
GISTEMP,1899-06,-0.32
gcag,1899-06,-0.501
GISTEMP,1899-07,-0.16
gcag,1899-07,-0.3655
GISTEMP,1899-08,-0.09
gcag,1899-08,-0.2398
GISTEMP,1899-09,-0.06
gcag,1899-09,-0.1516
GISTEMP,1899-10,-0.04
gcag,1899-10,-0.1831
GISTEMP,1899-11,0.12
gcag,1899-11,-0.0569
GISTEMP,1899-12,-0.27
gcag,1899-12,-0.4662
GISTEMP,1900-01,-0.37
gcag,1900-01,-0.5065
GISTEMP,1900-02,-0.06
gcag,1900-02,-0.2029
GISTEMP,1900-03,0
gcag,1900-03,-0.1997
GISTEMP,1900-04,-0.09
gcag,1900-04,-0.2241
GISTEMP,1900-05,-0.09
gcag,1900-05,-0.3028
GISTEMP,1900-06,-0.1
gcag,1900-06,-0.2171
GISTEMP,1900-07,-0.13
gcag,1900-07,-0.1909
GISTEMP,1900-08,-0.09
gcag,1900-08,-0.2108
GISTEMP,1900-09,-0.06
gcag,1900-09,-0.1957
GISTEMP,1900-10,0.09
gcag,1900-10,-0.0647
GISTEMP,1900-11,-0.07
gcag,1900-11,-0.2625
GISTEMP,1900-12,-0.07
gcag,1900-12,-0.2362
GISTEMP,1901-01,-0.22
gcag,1901-01,-0.2806
GISTEMP,1901-02,-0.12
gcag,1901-02,-0.2682
GISTEMP,1901-03,0.05
gcag,1901-03,-0.2008
GISTEMP,1901-04,-0.03
gcag,1901-04,-0.1753
GISTEMP,1901-05,-0.15
gcag,1901-05,-0.2493
GISTEMP,1901-06,-0.12
gcag,1901-06,-0.2366
GISTEMP,1901-07,-0.15
gcag,1901-07,-0.3289
GISTEMP,1901-08,-0.21
gcag,1901-08,-0.205
GISTEMP,1901-09,-0.23
gcag,1901-09,-0.3551
GISTEMP,1901-10,-0.3
gcag,1901-10,-0.3407
GISTEMP,1901-11,-0.17
gcag,1901-11,-0.3958
GISTEMP,1901-12,-0.27
gcag,1901-12,-0.4845
GISTEMP,1902-01,-0.17
gcag,1902-01,-0.4395
GISTEMP,1902-02,-0.09
gcag,1902-02,-0.2322
GISTEMP,1902-03,-0.28
gcag,1902-03,-0.474
GISTEMP,1902-04,-0.28
gcag,1902-04,-0.4305
GISTEMP,1902-05,-0.33
gcag,1902-05,-0.4302
GISTEMP,1902-06,-0.32
gcag,1902-06,-0.4452
GISTEMP,1902-07,-0.28
gcag,1902-07,-0.3891
GISTEMP,1902-08,-0.3
gcag,1902-08,-0.4251
GISTEMP,1902-09,-0.29
gcag,1902-09,-0.3728
GISTEMP,1902-10,-0.3
gcag,1902-10,-0.5005
GISTEMP,1902-11,-0.37
gcag,1902-11,-0.5626
GISTEMP,1902-12,-0.42
gcag,1902-12,-0.5659
GISTEMP,1903-01,-0.25
gcag,1903-01,-0.4344
GISTEMP,1903-02,-0.07
gcag,1903-02,-0.2402
GISTEMP,1903-03,-0.24
gcag,1903-03,-0.3984
GISTEMP,1903-04,-0.42
gcag,1903-04,-0.588
GISTEMP,1903-05,-0.4
gcag,1903-05,-0.516
GISTEMP,1903-06,-0.43
gcag,1903-06,-0.5476
GISTEMP,1903-07,-0.35
gcag,1903-07,-0.5052
GISTEMP,1903-08,-0.46
gcag,1903-08,-0.6014
GISTEMP,1903-09,-0.5
gcag,1903-09,-0.5597
GISTEMP,1903-10,-0.47
gcag,1903-10,-0.6648
GISTEMP,1903-11,-0.42
gcag,1903-11,-0.6297
GISTEMP,1903-12,-0.51
gcag,1903-12,-0.714
GISTEMP,1904-01,-0.63
gcag,1904-01,-0.8066
GISTEMP,1904-02,-0.59
gcag,1904-02,-0.7699
GISTEMP,1904-03,-0.51
gcag,1904-03,-0.6964
GISTEMP,1904-04,-0.51
gcag,1904-04,-0.6468
GISTEMP,1904-05,-0.52
gcag,1904-05,-0.6093
GISTEMP,1904-06,-0.49
gcag,1904-06,-0.5641
GISTEMP,1904-07,-0.51
gcag,1904-07,-0.553
GISTEMP,1904-08,-0.49
gcag,1904-08,-0.4784
GISTEMP,1904-09,-0.56
gcag,1904-09,-0.5966
GISTEMP,1904-10,-0.4
gcag,1904-10,-0.553
GISTEMP,1904-11,-0.18
gcag,1904-11,-0.3966
GISTEMP,1904-12,-0.34
gcag,1904-12,-0.4996
GISTEMP,1905-01,-0.35
gcag,1905-01,-0.4634
GISTEMP,1905-02,-0.6
gcag,1905-02,-0.7201
GISTEMP,1905-03,-0.22
gcag,1905-03,-0.524
GISTEMP,1905-04,-0.34
gcag,1905-04,-0.5602
GISTEMP,1905-05,-0.3
gcag,1905-05,-0.4342
GISTEMP,1905-06,-0.29
gcag,1905-06,-0.3425
GISTEMP,1905-07,-0.27
gcag,1905-07,-0.373
GISTEMP,1905-08,-0.21
gcag,1905-08,-0.3044
GISTEMP,1905-09,-0.19
gcag,1905-09,-0.3451
GISTEMP,1905-10,-0.25
gcag,1905-10,-0.3351
GISTEMP,1905-11,-0.07
gcag,1905-11,-0.2172
GISTEMP,1905-12,-0.13
gcag,1905-12,-0.2743
GISTEMP,1906-01,-0.29
gcag,1906-01,-0.2966
GISTEMP,1906-02,-0.3
gcag,1906-02,-0.3885
GISTEMP,1906-03,-0.19
gcag,1906-03,-0.2895
GISTEMP,1906-04,-0.05
gcag,1906-04,-0.1039
GISTEMP,1906-05,-0.26
gcag,1906-05,-0.3765
GISTEMP,1906-06,-0.2
gcag,1906-06,-0.2325
GISTEMP,1906-07,-0.23
gcag,1906-07,-0.3429
GISTEMP,1906-08,-0.2
gcag,1906-08,-0.2716
GISTEMP,1906-09,-0.29
gcag,1906-09,-0.353
GISTEMP,1906-10,-0.21
gcag,1906-10,-0.3222
GISTEMP,1906-11,-0.38
gcag,1906-11,-0.5317
GISTEMP,1906-12,-0.15
gcag,1906-12,-0.3205
GISTEMP,1907-01,-0.44
gcag,1907-01,-0.5292
GISTEMP,1907-02,-0.52
gcag,1907-02,-0.6185
GISTEMP,1907-03,-0.28
gcag,1907-03,-0.4379
GISTEMP,1907-04,-0.38
gcag,1907-04,-0.4779
GISTEMP,1907-05,-0.47
gcag,1907-05,-0.645
GISTEMP,1907-06,-0.42
gcag,1907-06,-0.544
GISTEMP,1907-07,-0.35
gcag,1907-07,-0.425
GISTEMP,1907-08,-0.34
gcag,1907-08,-0.4909
GISTEMP,1907-09,-0.35
gcag,1907-09,-0.3986
GISTEMP,1907-10,-0.23
gcag,1907-10,-0.3359
GISTEMP,1907-11,-0.47
gcag,1907-11,-0.5563
GISTEMP,1907-12,-0.47
gcag,1907-12,-0.5898
GISTEMP,1908-01,-0.45
gcag,1908-01,-0.4664
GISTEMP,1908-02,-0.33
gcag,1908-02,-0.4138
GISTEMP,1908-03,-0.56
gcag,1908-03,-0.704
GISTEMP,1908-04,-0.45
gcag,1908-04,-0.5883
GISTEMP,1908-05,-0.37
gcag,1908-05,-0.453
GISTEMP,1908-06,-0.38
gcag,1908-06,-0.4127
GISTEMP,1908-07,-0.35
gcag,1908-07,-0.4009
GISTEMP,1908-08,-0.46
gcag,1908-08,-0.4812
GISTEMP,1908-09,-0.36
gcag,1908-09,-0.3876
GISTEMP,1908-10,-0.44
gcag,1908-10,-0.5746
GISTEMP,1908-11,-0.52
gcag,1908-11,-0.6452
GISTEMP,1908-12,-0.49
gcag,1908-12,-0.6381
GISTEMP,1909-01,-0.73
gcag,1909-01,-0.7628
GISTEMP,1909-02,-0.46
gcag,1909-02,-0.5354
GISTEMP,1909-03,-0.54
gcag,1909-03,-0.652
GISTEMP,1909-04,-0.59
gcag,1909-04,-0.6327
GISTEMP,1909-05,-0.54
gcag,1909-05,-0.5917
GISTEMP,1909-06,-0.52
gcag,1909-06,-0.5
GISTEMP,1909-07,-0.45
gcag,1909-07,-0.5237
GISTEMP,1909-08,-0.34
gcag,1909-08,-0.3368
GISTEMP,1909-09,-0.39
gcag,1909-09,-0.4159
GISTEMP,1909-10,-0.4
gcag,1909-10,-0.4944
GISTEMP,1909-11,-0.32
gcag,1909-11,-0.3865
GISTEMP,1909-12,-0.56
gcag,1909-12,-0.5962
GISTEMP,1910-01,-0.43
gcag,1910-01,-0.4327
GISTEMP,1910-02,-0.41
gcag,1910-02,-0.529
GISTEMP,1910-03,-0.51
gcag,1910-03,-0.6188
GISTEMP,1910-04,-0.43
gcag,1910-04,-0.5348
GISTEMP,1910-05,-0.34
gcag,1910-05,-0.5367
GISTEMP,1910-06,-0.39
gcag,1910-06,-0.5592
GISTEMP,1910-07,-0.34
gcag,1910-07,-0.4346
GISTEMP,1910-08,-0.37
gcag,1910-08,-0.3887
GISTEMP,1910-09,-0.39
gcag,1910-09,-0.4228
GISTEMP,1910-10,-0.42
gcag,1910-10,-0.4847
GISTEMP,1910-11,-0.58
gcag,1910-11,-0.6723
GISTEMP,1910-12,-0.68
gcag,1910-12,-0.7566
GISTEMP,1911-01,-0.63
gcag,1911-01,-0.6679
GISTEMP,1911-02,-0.58
gcag,1911-02,-0.7059
GISTEMP,1911-03,-0.62
gcag,1911-03,-0.7639
GISTEMP,1911-04,-0.55
gcag,1911-04,-0.6435
GISTEMP,1911-05,-0.52
gcag,1911-05,-0.6271
GISTEMP,1911-06,-0.51
gcag,1911-06,-0.5542
GISTEMP,1911-07,-0.43
gcag,1911-07,-0.4925
GISTEMP,1911-08,-0.44
gcag,1911-08,-0.5063
GISTEMP,1911-09,-0.41
gcag,1911-09,-0.4981
GISTEMP,1911-10,-0.27
gcag,1911-10,-0.345
GISTEMP,1911-11,-0.22
gcag,1911-11,-0.3492
GISTEMP,1911-12,-0.22
gcag,1911-12,-0.3154
GISTEMP,1912-01,-0.26
gcag,1912-01,-0.3293
GISTEMP,1912-02,-0.15
gcag,1912-02,-0.3148
GISTEMP,1912-03,-0.38
gcag,1912-03,-0.5542
GISTEMP,1912-04,-0.18
gcag,1912-04,-0.3377
GISTEMP,1912-05,-0.22
gcag,1912-05,-0.3351
GISTEMP,1912-06,-0.24
gcag,1912-06,-0.285
GISTEMP,1912-07,-0.43
gcag,1912-07,-0.5072
GISTEMP,1912-08,-0.55
gcag,1912-08,-0.5723
GISTEMP,1912-09,-0.58
gcag,1912-09,-0.6436
GISTEMP,1912-10,-0.58
gcag,1912-10,-0.679
GISTEMP,1912-11,-0.4
gcag,1912-11,-0.5578
GISTEMP,1912-12,-0.44
gcag,1912-12,-0.5905
GISTEMP,1913-01,-0.41
gcag,1913-01,-0.5635
GISTEMP,1913-02,-0.45
gcag,1913-02,-0.5499
GISTEMP,1913-03,-0.43
gcag,1913-03,-0.6057
GISTEMP,1913-04,-0.4
gcag,1913-04,-0.5339
GISTEMP,1913-05,-0.44
gcag,1913-05,-0.541
GISTEMP,1913-06,-0.45
gcag,1913-06,-0.5513
GISTEMP,1913-07,-0.37
gcag,1913-07,-0.4768
GISTEMP,1913-08,-0.34
gcag,1913-08,-0.3955
GISTEMP,1913-09,-0.35
gcag,1913-09,-0.4168
GISTEMP,1913-10,-0.32
gcag,1913-10,-0.4382
GISTEMP,1913-11,-0.2
gcag,1913-11,-0.3676
GISTEMP,1913-12,-0.03
gcag,1913-12,-0.1639
GISTEMP,1914-01,0.04
gcag,1914-01,-0.0783
GISTEMP,1914-02,-0.1
gcag,1914-02,-0.27
GISTEMP,1914-03,-0.24
gcag,1914-03,-0.3973
GISTEMP,1914-04,-0.3
gcag,1914-04,-0.4088
GISTEMP,1914-05,-0.22
gcag,1914-05,-0.3077
GISTEMP,1914-06,-0.26
gcag,1914-06,-0.3078
GISTEMP,1914-07,-0.23
gcag,1914-07,-0.2968
GISTEMP,1914-08,-0.16
gcag,1914-08,-0.2444
GISTEMP,1914-09,-0.17
gcag,1914-09,-0.3012
GISTEMP,1914-10,-0.04
gcag,1914-10,-0.1101
GISTEMP,1914-11,-0.16
gcag,1914-11,-0.1901
GISTEMP,1914-12,-0.04
gcag,1914-12,-0.2366
GISTEMP,1915-01,-0.21
gcag,1915-01,-0.2873
GISTEMP,1915-02,-0.04
gcag,1915-02,-0.2203
GISTEMP,1915-03,-0.1
gcag,1915-03,-0.1938
GISTEMP,1915-04,0.06
gcag,1915-04,-0.0825
GISTEMP,1915-05,-0.06
gcag,1915-05,-0.1679
GISTEMP,1915-06,-0.22
gcag,1915-06,-0.1719
GISTEMP,1915-07,-0.13
gcag,1915-07,-0.1689
GISTEMP,1915-08,-0.23
gcag,1915-08,-0.0666
GISTEMP,1915-09,-0.2
gcag,1915-09,-0.1201
GISTEMP,1915-10,-0.25
gcag,1915-10,-0.2859
GISTEMP,1915-11,-0.13
gcag,1915-11,-0.1726
GISTEMP,1915-12,-0.21
gcag,1915-12,-0.3622
GISTEMP,1916-01,-0.13
gcag,1916-01,-0.3377
GISTEMP,1916-02,-0.15
gcag,1916-02,-0.2639
GISTEMP,1916-03,-0.29
gcag,1916-03,-0.4389
GISTEMP,1916-04,-0.3
gcag,1916-04,-0.375
GISTEMP,1916-05,-0.35
gcag,1916-05,-0.4179
GISTEMP,1916-06,-0.49
gcag,1916-06,-0.4946
GISTEMP,1916-07,-0.37
gcag,1916-07,-0.3847
GISTEMP,1916-08,-0.28
gcag,1916-08,-0.2966
GISTEMP,1916-09,-0.36
gcag,1916-09,-0.3217
GISTEMP,1916-10,-0.34
gcag,1916-10,-0.3742
GISTEMP,1916-11,-0.46
gcag,1916-11,-0.514
GISTEMP,1916-12,-0.82
gcag,1916-12,-0.8211
GISTEMP,1917-01,-0.57
gcag,1917-01,-0.689
GISTEMP,1917-02,-0.64
gcag,1917-02,-0.7158
GISTEMP,1917-03,-0.64
gcag,1917-03,-0.7841
GISTEMP,1917-04,-0.55
gcag,1917-04,-0.5459
GISTEMP,1917-05,-0.55
gcag,1917-05,-0.6441
GISTEMP,1917-06,-0.43
gcag,1917-06,-0.4787
GISTEMP,1917-07,-0.25
gcag,1917-07,-0.2451
GISTEMP,1917-08,-0.22
gcag,1917-08,-0.3326
GISTEMP,1917-09,-0.23
gcag,1917-09,-0.2978
GISTEMP,1917-10,-0.44
gcag,1917-10,-0.5354
GISTEMP,1917-11,-0.34
gcag,1917-11,-0.459
GISTEMP,1917-12,-0.68
gcag,1917-12,-0.7863
GISTEMP,1918-01,-0.48
gcag,1918-01,-0.5178
GISTEMP,1918-02,-0.34
gcag,1918-02,-0.672
GISTEMP,1918-03,-0.25
gcag,1918-03,-0.5789
GISTEMP,1918-04,-0.44
gcag,1918-04,-0.6232
GISTEMP,1918-05,-0.43
gcag,1918-05,-0.525
GISTEMP,1918-06,-0.36
gcag,1918-06,-0.3863
GISTEMP,1918-07,-0.32
gcag,1918-07,-0.3694
GISTEMP,1918-08,-0.32
gcag,1918-08,-0.4296
GISTEMP,1918-09,-0.17
gcag,1918-09,-0.258
GISTEMP,1918-10,-0.06
gcag,1918-10,-0.1187
GISTEMP,1918-11,-0.12
gcag,1918-11,-0.1896
GISTEMP,1918-12,-0.3
gcag,1918-12,-0.424
GISTEMP,1919-01,-0.21
gcag,1919-01,-0.251
GISTEMP,1919-02,-0.23
gcag,1919-02,-0.2418
GISTEMP,1919-03,-0.21
gcag,1919-03,-0.3919
GISTEMP,1919-04,-0.13
gcag,1919-04,-0.2112
GISTEMP,1919-05,-0.28
gcag,1919-05,-0.3077
GISTEMP,1919-06,-0.36
gcag,1919-06,-0.3575
GISTEMP,1919-07,-0.29
gcag,1919-07,-0.2997
GISTEMP,1919-08,-0.33
gcag,1919-08,-0.2379
GISTEMP,1919-09,-0.25
gcag,1919-09,-0.2858
GISTEMP,1919-10,-0.21
gcag,1919-10,-0.2586
GISTEMP,1919-11,-0.42
gcag,1919-11,-0.5573
GISTEMP,1919-12,-0.42
gcag,1919-12,-0.5031
GISTEMP,1920-01,-0.25
gcag,1920-01,-0.2584
GISTEMP,1920-02,-0.27
gcag,1920-02,-0.5457
GISTEMP,1920-03,-0.12
gcag,1920-03,-0.1718
GISTEMP,1920-04,-0.24
gcag,1920-04,-0.3364
GISTEMP,1920-05,-0.27
gcag,1920-05,-0.2561
GISTEMP,1920-06,-0.36
gcag,1920-06,-0.2379
GISTEMP,1920-07,-0.3
gcag,1920-07,-0.3002
GISTEMP,1920-08,-0.26
gcag,1920-08,-0.2264
GISTEMP,1920-09,-0.22
gcag,1920-09,-0.1962
GISTEMP,1920-10,-0.27
gcag,1920-10,-0.2175
GISTEMP,1920-11,-0.27
gcag,1920-11,-0.3454
GISTEMP,1920-12,-0.47
gcag,1920-12,-0.4883
GISTEMP,1921-01,-0.05
gcag,1921-01,-0.2174
GISTEMP,1921-02,-0.18
gcag,1921-02,-0.295
GISTEMP,1921-03,-0.23
gcag,1921-03,-0.3424
GISTEMP,1921-04,-0.3
gcag,1921-04,-0.2907
GISTEMP,1921-05,-0.3
gcag,1921-05,-0.3014
GISTEMP,1921-06,-0.27
gcag,1921-06,-0.1542
GISTEMP,1921-07,-0.15
gcag,1921-07,-0.1552
GISTEMP,1921-08,-0.26
gcag,1921-08,-0.3211
GISTEMP,1921-09,-0.19
gcag,1921-09,-0.2069
GISTEMP,1921-10,-0.03
gcag,1921-10,-0.1342
GISTEMP,1921-11,-0.15
gcag,1921-11,-0.1957
GISTEMP,1921-12,-0.18
gcag,1921-12,-0.2712
GISTEMP,1922-01,-0.34
gcag,1922-01,-0.4188
GISTEMP,1922-02,-0.45
gcag,1922-02,-0.4086
GISTEMP,1922-03,-0.15
gcag,1922-03,-0.3439
GISTEMP,1922-04,-0.23
gcag,1922-04,-0.2909
GISTEMP,1922-05,-0.33
gcag,1922-05,-0.4694
GISTEMP,1922-06,-0.3
gcag,1922-06,-0.2925
GISTEMP,1922-07,-0.27
gcag,1922-07,-0.2588
GISTEMP,1922-08,-0.33
gcag,1922-08,-0.3557
GISTEMP,1922-09,-0.35
gcag,1922-09,-0.3244
GISTEMP,1922-10,-0.32
gcag,1922-10,-0.3449
GISTEMP,1922-11,-0.14
gcag,1922-11,-0.2552
GISTEMP,1922-12,-0.2
gcag,1922-12,-0.3052
GISTEMP,1923-01,-0.27
gcag,1923-01,-0.4035
GISTEMP,1923-02,-0.39
gcag,1923-02,-0.4942
GISTEMP,1923-03,-0.34
gcag,1923-03,-0.4554
GISTEMP,1923-04,-0.41
gcag,1923-04,-0.4101
GISTEMP,1923-05,-0.33
gcag,1923-05,-0.4036
GISTEMP,1923-06,-0.29
gcag,1923-06,-0.2524
GISTEMP,1923-07,-0.31
gcag,1923-07,-0.4194
GISTEMP,1923-08,-0.33
gcag,1923-08,-0.3236
GISTEMP,1923-09,-0.31
gcag,1923-09,-0.3407
GISTEMP,1923-10,-0.14
gcag,1923-10,-0.1762
GISTEMP,1923-11,-0.03
gcag,1923-11,-0.0333
GISTEMP,1923-12,-0.04
gcag,1923-12,-0.0998
GISTEMP,1924-01,-0.23
gcag,1924-01,-0.3269
GISTEMP,1924-02,-0.23
gcag,1924-02,-0.315
GISTEMP,1924-03,-0.09
gcag,1924-03,-0.1757
GISTEMP,1924-04,-0.3
gcag,1924-04,-0.3422
GISTEMP,1924-05,-0.18
gcag,1924-05,-0.2173
GISTEMP,1924-06,-0.26
gcag,1924-06,-0.2753
GISTEMP,1924-07,-0.29
gcag,1924-07,-0.2937
GISTEMP,1924-08,-0.36
gcag,1924-08,-0.317
GISTEMP,1924-09,-0.32
gcag,1924-09,-0.3304
GISTEMP,1924-10,-0.35
gcag,1924-10,-0.3656
GISTEMP,1924-11,-0.21
gcag,1924-11,-0.2905
GISTEMP,1924-12,-0.43
gcag,1924-12,-0.4921
GISTEMP,1925-01,-0.38
gcag,1925-01,-0.4914
GISTEMP,1925-02,-0.39
gcag,1925-02,-0.485
GISTEMP,1925-03,-0.27
gcag,1925-03,-0.3735
GISTEMP,1925-04,-0.26
gcag,1925-04,-0.3067
GISTEMP,1925-05,-0.29
gcag,1925-05,-0.3052
GISTEMP,1925-06,-0.33
gcag,1925-06,-0.3339
GISTEMP,1925-07,-0.27
gcag,1925-07,-0.3306
GISTEMP,1925-08,-0.21
gcag,1925-08,-0.168
GISTEMP,1925-09,-0.2
gcag,1925-09,-0.2587
GISTEMP,1925-10,-0.18
gcag,1925-10,-0.2883
GISTEMP,1925-11,0.05
gcag,1925-11,-0.0588
GISTEMP,1925-12,0.06
gcag,1925-12,0.0143
GISTEMP,1926-01,0.21
gcag,1926-01,0.0828
GISTEMP,1926-02,0.02
gcag,1926-02,-0.0348
GISTEMP,1926-03,0.11
gcag,1926-03,0.0239
GISTEMP,1926-04,-0.13
gcag,1926-04,-0.1577
GISTEMP,1926-05,-0.23
gcag,1926-05,-0.2698
GISTEMP,1926-06,-0.26
gcag,1926-06,-0.1825
GISTEMP,1926-07,-0.27
gcag,1926-07,-0.2082
GISTEMP,1926-08,-0.13
gcag,1926-08,-0.0997
GISTEMP,1926-09,-0.14
gcag,1926-09,-0.1176
GISTEMP,1926-10,-0.11
gcag,1926-10,-0.0697
GISTEMP,1926-11,-0.06
gcag,1926-11,-0.1155
GISTEMP,1926-12,-0.29
gcag,1926-12,-0.3219
GISTEMP,1927-01,-0.27
gcag,1927-01,-0.3109
GISTEMP,1927-02,-0.18
gcag,1927-02,-0.2118
GISTEMP,1927-03,-0.39
gcag,1927-03,-0.4187
GISTEMP,1927-04,-0.3
gcag,1927-04,-0.3142
GISTEMP,1927-05,-0.26
gcag,1927-05,-0.2298
GISTEMP,1927-06,-0.27
gcag,1927-06,-0.248
GISTEMP,1927-07,-0.19
gcag,1927-07,-0.2046
GISTEMP,1927-08,-0.23
gcag,1927-08,-0.213
GISTEMP,1927-09,-0.12
gcag,1927-09,-0.1194
GISTEMP,1927-10,-0.01
gcag,1927-10,-0.0294
GISTEMP,1927-11,-0.06
gcag,1927-11,-0.1264
GISTEMP,1927-12,-0.33
gcag,1927-12,-0.3233
GISTEMP,1928-01,-0.02
gcag,1928-01,-0.0168
GISTEMP,1928-02,-0.09
gcag,1928-02,-0.1244
GISTEMP,1928-03,-0.25
gcag,1928-03,-0.3193
GISTEMP,1928-04,-0.28
gcag,1928-04,-0.2349
GISTEMP,1928-05,-0.3
gcag,1928-05,-0.3012
GISTEMP,1928-06,-0.39
gcag,1928-06,-0.3264
GISTEMP,1928-07,-0.19
gcag,1928-07,-0.188
GISTEMP,1928-08,-0.22
gcag,1928-08,-0.1782
GISTEMP,1928-09,-0.21
gcag,1928-09,-0.2065
GISTEMP,1928-10,-0.19
gcag,1928-10,-0.1837
GISTEMP,1928-11,-0.1
gcag,1928-11,-0.1718
GISTEMP,1928-12,-0.16
gcag,1928-12,-0.2264
GISTEMP,1929-01,-0.45
gcag,1929-01,-0.4361
GISTEMP,1929-02,-0.58
gcag,1929-02,-0.6034
GISTEMP,1929-03,-0.33
gcag,1929-03,-0.4868
GISTEMP,1929-04,-0.41
gcag,1929-04,-0.437
GISTEMP,1929-05,-0.38
gcag,1929-05,-0.4342
GISTEMP,1929-06,-0.43
gcag,1929-06,-0.4085
GISTEMP,1929-07,-0.36
gcag,1929-07,-0.4393
GISTEMP,1929-08,-0.32
gcag,1929-08,-0.266
GISTEMP,1929-09,-0.25
gcag,1929-09,-0.277
GISTEMP,1929-10,-0.14
gcag,1929-10,-0.221
GISTEMP,1929-11,-0.11
gcag,1929-11,-0.1399
GISTEMP,1929-12,-0.54
gcag,1929-12,-0.56
GISTEMP,1930-01,-0.3
gcag,1930-01,-0.3631
GISTEMP,1930-02,-0.27
gcag,1930-02,-0.3558
GISTEMP,1930-03,-0.11
gcag,1930-03,-0.2473
GISTEMP,1930-04,-0.25
gcag,1930-04,-0.2313
GISTEMP,1930-05,-0.24
gcag,1930-05,-0.2507
GISTEMP,1930-06,-0.22
gcag,1930-06,-0.2037
GISTEMP,1930-07,-0.21
gcag,1930-07,-0.1883
GISTEMP,1930-08,-0.15
gcag,1930-08,-0.0977
GISTEMP,1930-09,-0.15
gcag,1930-09,-0.0922
GISTEMP,1930-10,-0.12
gcag,1930-10,-0.0906
GISTEMP,1930-11,0.18
gcag,1930-11,0.0638
GISTEMP,1930-12,-0.05
gcag,1930-12,-0.0647
GISTEMP,1931-01,-0.1
gcag,1931-01,-0.1369
GISTEMP,1931-02,-0.2
gcag,1931-02,-0.2587
GISTEMP,1931-03,-0.1
gcag,1931-03,-0.1092
GISTEMP,1931-04,-0.23
gcag,1931-04,-0.1707
GISTEMP,1931-05,-0.19
gcag,1931-05,-0.1929
GISTEMP,1931-06,-0.08
gcag,1931-06,-0.0254
GISTEMP,1931-07,-0.03
gcag,1931-07,-0.0082
GISTEMP,1931-08,-0.03
gcag,1931-08,-0.0267
GISTEMP,1931-09,-0.06
gcag,1931-09,-0.052
GISTEMP,1931-10,0.06
gcag,1931-10,-0.027
GISTEMP,1931-11,-0.05
gcag,1931-11,-0.1358
GISTEMP,1931-12,-0.05
gcag,1931-12,-0.0973
GISTEMP,1932-01,0.16
gcag,1932-01,0.0798
GISTEMP,1932-02,-0.17
gcag,1932-02,-0.1781
GISTEMP,1932-03,-0.18
gcag,1932-03,-0.1948
GISTEMP,1932-04,-0.05
gcag,1932-04,-0.0612
GISTEMP,1932-05,-0.17
gcag,1932-05,-0.1598
GISTEMP,1932-06,-0.28
gcag,1932-06,-0.2554
GISTEMP,1932-07,-0.24
gcag,1932-07,-0.1297
GISTEMP,1932-08,-0.21
gcag,1932-08,-0.1898
GISTEMP,1932-09,-0.1
gcag,1932-09,-0.0006
GISTEMP,1932-10,-0.09
gcag,1932-10,-0.0944
GISTEMP,1932-11,-0.27
gcag,1932-11,-0.2949
GISTEMP,1932-12,-0.26
gcag,1932-12,-0.2667
GISTEMP,1933-01,-0.23
gcag,1933-01,-0.3111
GISTEMP,1933-02,-0.29
gcag,1933-02,-0.351
GISTEMP,1933-03,-0.29
gcag,1933-03,-0.3852
GISTEMP,1933-04,-0.24
gcag,1933-04,-0.2847
GISTEMP,1933-05,-0.29
gcag,1933-05,-0.2769
GISTEMP,1933-06,-0.33
gcag,1933-06,-0.3236
GISTEMP,1933-07,-0.21
gcag,1933-07,-0.2904
GISTEMP,1933-08,-0.23
gcag,1933-08,-0.1538
GISTEMP,1933-09,-0.29
gcag,1933-09,-0.3266
GISTEMP,1933-10,-0.24
gcag,1933-10,-0.2458
GISTEMP,1933-11,-0.3
gcag,1933-11,-0.4048
GISTEMP,1933-12,-0.44
gcag,1933-12,-0.5142
GISTEMP,1934-01,-0.21
gcag,1934-01,-0.3233
GISTEMP,1934-02,-0.02
gcag,1934-02,-0.1452
GISTEMP,1934-03,-0.29
gcag,1934-03,-0.4311
GISTEMP,1934-04,-0.3
gcag,1934-04,-0.3718
GISTEMP,1934-05,-0.09
gcag,1934-05,-0.1402
GISTEMP,1934-06,-0.14
gcag,1934-06,-0.0923
GISTEMP,1934-07,-0.1
gcag,1934-07,-0.1781
GISTEMP,1934-08,-0.12
gcag,1934-08,-0.1144
GISTEMP,1934-09,-0.15
gcag,1934-09,-0.1345
GISTEMP,1934-10,-0.06
gcag,1934-10,-0.0818
GISTEMP,1934-11,0.04
gcag,1934-11,0.0318
GISTEMP,1934-12,-0.02
gcag,1934-12,-0.1113
GISTEMP,1935-01,-0.34
gcag,1935-01,-0.348
GISTEMP,1935-02,0.15
gcag,1935-02,0.0497
GISTEMP,1935-03,-0.14
gcag,1935-03,-0.2145
GISTEMP,1935-04,-0.37
gcag,1935-04,-0.3228
GISTEMP,1935-05,-0.28
gcag,1935-05,-0.3143
GISTEMP,1935-06,-0.26
gcag,1935-06,-0.2093
GISTEMP,1935-07,-0.21
gcag,1935-07,-0.1409
GISTEMP,1935-08,-0.21
gcag,1935-08,-0.1488
GISTEMP,1935-09,-0.21
gcag,1935-09,-0.1905
GISTEMP,1935-10,-0.06
gcag,1935-10,-0.0552
GISTEMP,1935-11,-0.26
gcag,1935-11,-0.3215
GISTEMP,1935-12,-0.17
gcag,1935-12,-0.2565
GISTEMP,1936-01,-0.27
gcag,1936-01,-0.3985
GISTEMP,1936-02,-0.37
gcag,1936-02,-0.3431
GISTEMP,1936-03,-0.2
gcag,1936-03,-0.3292
GISTEMP,1936-04,-0.2
gcag,1936-04,-0.1883
GISTEMP,1936-05,-0.16
gcag,1936-05,-0.1723
GISTEMP,1936-06,-0.21
gcag,1936-06,-0.149
GISTEMP,1936-07,-0.09
gcag,1936-07,-0.0699
GISTEMP,1936-08,-0.13
gcag,1936-08,-0.0733
GISTEMP,1936-09,-0.09
gcag,1936-09,-0.1088
GISTEMP,1936-10,-0.02
gcag,1936-10,-0.0414
GISTEMP,1936-11,0.02
gcag,1936-11,-0.0541
GISTEMP,1936-12,-0.01
gcag,1936-12,-0.1064
GISTEMP,1937-01,-0.07
gcag,1937-01,-0.1269
GISTEMP,1937-02,0.03
gcag,1937-02,0.0665
GISTEMP,1937-03,-0.21
gcag,1937-03,-0.2619
GISTEMP,1937-04,-0.16
gcag,1937-04,-0.1212
GISTEMP,1937-05,-0.05
gcag,1937-05,-0.0912
GISTEMP,1937-06,-0.05
gcag,1937-06,-0.0084
GISTEMP,1937-07,-0.03
gcag,1937-07,0.0197
GISTEMP,1937-08,0.02
gcag,1937-08,0.0368
GISTEMP,1937-09,0.09
gcag,1937-09,0.1449
GISTEMP,1937-10,0.09
gcag,1937-10,0.128
GISTEMP,1937-11,0.08
gcag,1937-11,0.0617
GISTEMP,1937-12,-0.07
gcag,1937-12,-0.0784
GISTEMP,1938-01,0.08
gcag,1938-01,0.0455
GISTEMP,1938-02,0.04
gcag,1938-02,-0.0098
GISTEMP,1938-03,0.1
gcag,1938-03,-0.0153
GISTEMP,1938-04,0.07
gcag,1938-04,0.04
GISTEMP,1938-05,-0.09
gcag,1938-05,-0.0959
GISTEMP,1938-06,-0.17
gcag,1938-06,-0.0936
GISTEMP,1938-07,-0.09
gcag,1938-07,-0.0462
GISTEMP,1938-08,-0.05
gcag,1938-08,-0.0028
GISTEMP,1938-09,0.01
gcag,1938-09,0.0199
GISTEMP,1938-10,0.15
gcag,1938-10,0.1628
GISTEMP,1938-11,0.08
gcag,1938-11,0.0547
GISTEMP,1938-12,-0.12
gcag,1938-12,-0.2057
GISTEMP,1939-01,-0.05
gcag,1939-01,-0.1218
GISTEMP,1939-02,-0.06
gcag,1939-02,-0.1176
GISTEMP,1939-03,-0.17
gcag,1939-03,-0.2887
GISTEMP,1939-04,-0.1
gcag,1939-04,-0.1064
GISTEMP,1939-05,-0.04
gcag,1939-05,-0.0301
GISTEMP,1939-06,-0.06
gcag,1939-06,0.0148
GISTEMP,1939-07,-0.05
gcag,1939-07,-0.0377
GISTEMP,1939-08,-0.06
gcag,1939-08,-0.0407
GISTEMP,1939-09,-0.07
gcag,1939-09,-0.0172
GISTEMP,1939-10,-0.04
gcag,1939-10,-0.0993
GISTEMP,1939-11,0.07
gcag,1939-11,0.0213
GISTEMP,1939-12,0.43
gcag,1939-12,0.3339
GISTEMP,1940-01,0
gcag,1940-01,-0.0527
GISTEMP,1940-02,0.08
gcag,1940-02,0.0863
GISTEMP,1940-03,0.09
gcag,1940-03,-0.0358
GISTEMP,1940-04,0.17
gcag,1940-04,0.149
GISTEMP,1940-05,0.11
gcag,1940-05,0.0502
GISTEMP,1940-06,0.12
gcag,1940-06,0.0447
GISTEMP,1940-07,0.13
gcag,1940-07,0.1483
GISTEMP,1940-08,0.07
gcag,1940-08,0.0996
GISTEMP,1940-09,0.15
gcag,1940-09,0.1312
GISTEMP,1940-10,0.11
gcag,1940-10,0.0958
GISTEMP,1940-11,0.16
gcag,1940-11,-0.0047
GISTEMP,1940-12,0.31
gcag,1940-12,0.1992
GISTEMP,1941-01,0.18
gcag,1941-01,-0.0396
GISTEMP,1941-02,0.31
gcag,1941-02,0.1182
GISTEMP,1941-03,0.1
gcag,1941-03,-0.1165
GISTEMP,1941-04,0.16
gcag,1941-04,0.0362
GISTEMP,1941-05,0.17
gcag,1941-05,0.0612
GISTEMP,1941-06,0.13
gcag,1941-06,0.0596
GISTEMP,1941-07,0.22
gcag,1941-07,0.1608
GISTEMP,1941-08,0.15
gcag,1941-08,0.0397
GISTEMP,1941-09,0.02
gcag,1941-09,-0.1445
GISTEMP,1941-10,0.35
gcag,1941-10,0.2143
GISTEMP,1941-11,0.23
gcag,1941-11,-0.0073
GISTEMP,1941-12,0.22
gcag,1941-12,0.0754
GISTEMP,1942-01,0.29
gcag,1942-01,0.2578
GISTEMP,1942-02,0.02
gcag,1942-02,0.0168
GISTEMP,1942-03,0.06
gcag,1942-03,-0.0416
GISTEMP,1942-04,0.1
gcag,1942-04,-0.0152
GISTEMP,1942-05,0.11
gcag,1942-05,0.1238
GISTEMP,1942-06,0.05
gcag,1942-06,0.0303
GISTEMP,1942-07,0.01
gcag,1942-07,-0.0598
GISTEMP,1942-08,-0.04
gcag,1942-08,-0.0574
GISTEMP,1942-09,-0.03
gcag,1942-09,-0.0135
GISTEMP,1942-10,0.02
gcag,1942-10,-0.0869
GISTEMP,1942-11,0.1
gcag,1942-11,-0.0575
GISTEMP,1942-12,0.12
gcag,1942-12,-0.0801
GISTEMP,1943-01,-0.01
gcag,1943-01,-0.1827
GISTEMP,1943-02,0.17
gcag,1943-02,-0.0306
GISTEMP,1943-03,-0.03
gcag,1943-03,-0.1677
GISTEMP,1943-04,0.11
gcag,1943-04,0.023
GISTEMP,1943-05,0.07
gcag,1943-05,0.0355
GISTEMP,1943-06,-0.05
gcag,1943-06,-0.0749
GISTEMP,1943-07,0.09
gcag,1943-07,0.0183
GISTEMP,1943-08,0.01
gcag,1943-08,0.0317
GISTEMP,1943-09,0.05
gcag,1943-09,-0.0134
GISTEMP,1943-10,0.23
gcag,1943-10,0.2277
GISTEMP,1943-11,0.2
gcag,1943-11,0.1039
GISTEMP,1943-12,0.23
gcag,1943-12,0.1063
GISTEMP,1944-01,0.36
gcag,1944-01,0.3182
GISTEMP,1944-02,0.24
gcag,1944-02,0.1186
GISTEMP,1944-03,0.26
gcag,1944-03,0.1201
GISTEMP,1944-04,0.19
gcag,1944-04,0.0423
GISTEMP,1944-05,0.19
gcag,1944-05,0.1199
GISTEMP,1944-06,0.15
gcag,1944-06,0.1074
GISTEMP,1944-07,0.18
gcag,1944-07,0.1487
GISTEMP,1944-08,0.18
gcag,1944-08,0.2067
GISTEMP,1944-09,0.28
gcag,1944-09,0.1677
GISTEMP,1944-10,0.26
gcag,1944-10,0.2081
GISTEMP,1944-11,0.11
gcag,1944-11,0.0885
GISTEMP,1944-12,0.04
gcag,1944-12,0.0833
GISTEMP,1945-01,0.1
gcag,1945-01,0.0951
GISTEMP,1945-02,0.01
gcag,1945-02,0.0484
GISTEMP,1945-03,0.06
gcag,1945-03,0.0387
GISTEMP,1945-04,0.19
gcag,1945-04,0.2099
GISTEMP,1945-05,0.06
gcag,1945-05,-0.0617
GISTEMP,1945-06,0.01
gcag,1945-06,-0.0365
GISTEMP,1945-07,0.04
gcag,1945-07,0.0004
GISTEMP,1945-08,0.26
gcag,1945-08,0.2362
GISTEMP,1945-09,0.2
gcag,1945-09,0.1028
GISTEMP,1945-10,0.18
gcag,1945-10,0.0942
GISTEMP,1945-11,0.07
gcag,1945-11,-0.0106
GISTEMP,1945-12,-0.07
gcag,1945-12,-0.1998
GISTEMP,1946-01,0.15
gcag,1946-01,0.0465
GISTEMP,1946-02,0.02
gcag,1946-02,-0.1157
GISTEMP,1946-03,0.01
gcag,1946-03,-0.1216
GISTEMP,1946-04,0.06
gcag,1946-04,-0.0011
GISTEMP,1946-05,-0.07
gcag,1946-05,-0.0827
GISTEMP,1946-06,-0.21
gcag,1946-06,-0.27
GISTEMP,1946-07,-0.12
gcag,1946-07,-0.1094
GISTEMP,1946-08,-0.2
gcag,1946-08,-0.1541
GISTEMP,1946-09,-0.08
gcag,1946-09,-0.0982
GISTEMP,1946-10,-0.08
gcag,1946-10,-0.0681
GISTEMP,1946-11,-0.05
gcag,1946-11,-0.1081
GISTEMP,1946-12,-0.31
gcag,1946-12,-0.3432
GISTEMP,1947-01,-0.06
gcag,1947-01,-0.1505
GISTEMP,1947-02,-0.08
gcag,1947-02,-0.1411
GISTEMP,1947-03,0.06
gcag,1947-03,-0.0762
GISTEMP,1947-04,0.06
gcag,1947-04,-0.0549
GISTEMP,1947-05,-0.02
gcag,1947-05,-0.0708
GISTEMP,1947-06,-0.02
gcag,1947-06,-0.0927
GISTEMP,1947-07,-0.04
gcag,1947-07,-0.0648
GISTEMP,1947-08,-0.07
gcag,1947-08,-0.1129
GISTEMP,1947-09,-0.12
gcag,1947-09,-0.1604
GISTEMP,1947-10,0.07
gcag,1947-10,0.0338
GISTEMP,1947-11,0.02
gcag,1947-11,0.0291
GISTEMP,1947-12,-0.13
gcag,1947-12,-0.2331
GISTEMP,1948-01,0.06
gcag,1948-01,-0.019
GISTEMP,1948-02,-0.14
gcag,1948-02,-0.2386
GISTEMP,1948-03,-0.24
gcag,1948-03,-0.283
GISTEMP,1948-04,-0.12
gcag,1948-04,-0.1146
GISTEMP,1948-05,-0.01
gcag,1948-05,0.0576
GISTEMP,1948-06,-0.05
gcag,1948-06,-0.0082
GISTEMP,1948-07,-0.11
gcag,1948-07,-0.1296
GISTEMP,1948-08,-0.12
gcag,1948-08,-0.0476
GISTEMP,1948-09,-0.14
gcag,1948-09,-0.1338
GISTEMP,1948-10,-0.05
gcag,1948-10,-0.0568
GISTEMP,1948-11,-0.12
gcag,1948-11,-0.1733
GISTEMP,1948-12,-0.24
gcag,1948-12,-0.349
GISTEMP,1949-01,0.07
gcag,1949-01,-0.0186
GISTEMP,1949-02,-0.14
gcag,1949-02,-0.2423
GISTEMP,1949-03,-0.02
gcag,1949-03,-0.1096
GISTEMP,1949-04,-0.11
gcag,1949-04,-0.1467
GISTEMP,1949-05,-0.1
gcag,1949-05,-0.1113
GISTEMP,1949-06,-0.27
gcag,1949-06,-0.2332
GISTEMP,1949-07,-0.13
gcag,1949-07,-0.1801
GISTEMP,1949-08,-0.13
gcag,1949-08,-0.0775
GISTEMP,1949-09,-0.14
gcag,1949-09,-0.1233
GISTEMP,1949-10,-0.06
gcag,1949-10,-0.0897
GISTEMP,1949-11,-0.1
gcag,1949-11,-0.181
GISTEMP,1949-12,-0.18
gcag,1949-12,-0.2124
GISTEMP,1950-01,-0.26
gcag,1950-01,-0.3
GISTEMP,1950-02,-0.27
gcag,1950-02,-0.37
GISTEMP,1950-03,-0.08
gcag,1950-03,-0.2164
GISTEMP,1950-04,-0.21
gcag,1950-04,-0.2436
GISTEMP,1950-05,-0.11
gcag,1950-05,-0.1373
GISTEMP,1950-06,-0.05
gcag,1950-06,-0.105
GISTEMP,1950-07,-0.08
gcag,1950-07,-0.1067
GISTEMP,1950-08,-0.16
gcag,1950-08,-0.1526
GISTEMP,1950-09,-0.11
gcag,1950-09,-0.245
GISTEMP,1950-10,-0.2
gcag,1950-10,-0.201
GISTEMP,1950-11,-0.34
gcag,1950-11,-0.3808
GISTEMP,1950-12,-0.22
gcag,1950-12,-0.2608
GISTEMP,1951-01,-0.34
gcag,1951-01,-0.3603
GISTEMP,1951-02,-0.41
gcag,1951-02,-0.5094
GISTEMP,1951-03,-0.2
gcag,1951-03,-0.262
GISTEMP,1951-04,-0.14
gcag,1951-04,-0.1081
GISTEMP,1951-05,0
gcag,1951-05,0.0323
GISTEMP,1951-06,-0.06
gcag,1951-06,0.0602
GISTEMP,1951-07,-0.01
gcag,1951-07,0.0387
GISTEMP,1951-08,0.06
gcag,1951-08,0.1213
GISTEMP,1951-09,0.05
gcag,1951-09,0.1323
GISTEMP,1951-10,0.08
gcag,1951-10,0.1244
GISTEMP,1951-11,-0.01
gcag,1951-11,-0.0723
GISTEMP,1951-12,0.16
gcag,1951-12,0.0692
GISTEMP,1952-01,0.11
gcag,1952-01,0.094
GISTEMP,1952-02,0.11
gcag,1952-02,0.0684
GISTEMP,1952-03,-0.08
gcag,1952-03,-0.1635
GISTEMP,1952-04,0.03
gcag,1952-04,0.0456
GISTEMP,1952-05,-0.03
gcag,1952-05,0.0222
GISTEMP,1952-06,-0.03
gcag,1952-06,0.0235
GISTEMP,1952-07,0.04
gcag,1952-07,0.0901
GISTEMP,1952-08,0.05
gcag,1952-08,0.0969
GISTEMP,1952-09,0.07
gcag,1952-09,0.0962
GISTEMP,1952-10,0
gcag,1952-10,-0.0165
GISTEMP,1952-11,-0.13
gcag,1952-11,-0.1323
GISTEMP,1952-12,-0.02
gcag,1952-12,-0.0403
GISTEMP,1953-01,0.07
gcag,1953-01,-0.009
GISTEMP,1953-02,0.15
gcag,1953-02,0.095
GISTEMP,1953-03,0.11
gcag,1953-03,0.018
GISTEMP,1953-04,0.19
gcag,1953-04,0.2246
GISTEMP,1953-05,0.11
gcag,1953-05,0.149
GISTEMP,1953-06,0.12
gcag,1953-06,0.1404
GISTEMP,1953-07,0.01
gcag,1953-07,0.0431
GISTEMP,1953-08,0.05
gcag,1953-08,0.0871
GISTEMP,1953-09,0.04
gcag,1953-09,0.0863
GISTEMP,1953-10,0.08
gcag,1953-10,0.0834
GISTEMP,1953-11,-0.03
gcag,1953-11,-0.0058
GISTEMP,1953-12,0.05
gcag,1953-12,0.0194
GISTEMP,1954-01,-0.24
gcag,1954-01,-0.2435
GISTEMP,1954-02,-0.1
gcag,1954-02,-0.0891
GISTEMP,1954-03,-0.15
gcag,1954-03,-0.1834
GISTEMP,1954-04,-0.14
gcag,1954-04,-0.1148
GISTEMP,1954-05,-0.2
gcag,1954-05,-0.1706
GISTEMP,1954-06,-0.19
gcag,1954-06,-0.1296
GISTEMP,1954-07,-0.19
gcag,1954-07,-0.1962
GISTEMP,1954-08,-0.17
gcag,1954-08,-0.1018
GISTEMP,1954-09,-0.1
gcag,1954-09,-0.1133
GISTEMP,1954-10,-0.02
gcag,1954-10,-0.0115
GISTEMP,1954-11,0.08
gcag,1954-11,0.1164
GISTEMP,1954-12,-0.18
gcag,1954-12,-0.1636
GISTEMP,1955-01,0.13
gcag,1955-01,0.106
GISTEMP,1955-02,-0.16
gcag,1955-02,-0.1927
GISTEMP,1955-03,-0.32
gcag,1955-03,-0.3964
GISTEMP,1955-04,-0.22
gcag,1955-04,-0.2291
GISTEMP,1955-05,-0.2
gcag,1955-05,-0.2388
GISTEMP,1955-06,-0.14
gcag,1955-06,-0.1784
GISTEMP,1955-07,-0.11
gcag,1955-07,-0.2083
GISTEMP,1955-08,0.02
gcag,1955-08,-0.0884
GISTEMP,1955-09,-0.11
gcag,1955-09,-0.1431
GISTEMP,1955-10,-0.05
gcag,1955-10,-0.1133
GISTEMP,1955-11,-0.25
gcag,1955-11,-0.3208
GISTEMP,1955-12,-0.28
gcag,1955-12,-0.3643
GISTEMP,1956-01,-0.13
gcag,1956-01,-0.2404
GISTEMP,1956-02,-0.24
gcag,1956-02,-0.2824
GISTEMP,1956-03,-0.21
gcag,1956-03,-0.3565
GISTEMP,1956-04,-0.28
gcag,1956-04,-0.3065
GISTEMP,1956-05,-0.29
gcag,1956-05,-0.3361
GISTEMP,1956-06,-0.15
gcag,1956-06,-0.2265
GISTEMP,1956-07,-0.09
gcag,1956-07,-0.2106
GISTEMP,1956-08,-0.25
gcag,1956-08,-0.2896
GISTEMP,1956-09,-0.19
gcag,1956-09,-0.2735
GISTEMP,1956-10,-0.23
gcag,1956-10,-0.2632
GISTEMP,1956-11,-0.15
gcag,1956-11,-0.2152
GISTEMP,1956-12,-0.06
gcag,1956-12,-0.1576
GISTEMP,1957-01,-0.09
gcag,1957-01,-0.2215
GISTEMP,1957-02,-0.03
gcag,1957-02,-0.1586
GISTEMP,1957-03,-0.05
gcag,1957-03,-0.1975
GISTEMP,1957-04,0
gcag,1957-04,-0.0418
GISTEMP,1957-05,0.09
gcag,1957-05,0.0318
GISTEMP,1957-06,0.16
gcag,1957-06,0.0645
GISTEMP,1957-07,0.02
gcag,1957-07,-0.0627
GISTEMP,1957-08,0.15
gcag,1957-08,0.0729
GISTEMP,1957-09,0.09
gcag,1957-09,0.0414
GISTEMP,1957-10,0.01
gcag,1957-10,-0.0008
GISTEMP,1957-11,0.08
gcag,1957-11,-0.004
GISTEMP,1957-12,0.15
gcag,1957-12,0.0523
GISTEMP,1958-01,0.39
gcag,1958-01,0.2547
GISTEMP,1958-02,0.22
gcag,1958-02,0.0928
GISTEMP,1958-03,0.09
gcag,1958-03,0.0053
GISTEMP,1958-04,0.01
gcag,1958-04,-0.0695
GISTEMP,1958-05,0.06
gcag,1958-05,0.0165
GISTEMP,1958-06,-0.08
gcag,1958-06,-0.1531
GISTEMP,1958-07,0.05
gcag,1958-07,-0.02
GISTEMP,1958-08,-0.05
gcag,1958-08,-0.0831
GISTEMP,1958-09,-0.02
gcag,1958-09,-0.1148
GISTEMP,1958-10,0.04
gcag,1958-10,-0.0195
GISTEMP,1958-11,0.02
gcag,1958-11,-0.0386
GISTEMP,1958-12,0.01
gcag,1958-12,-0.0823
GISTEMP,1959-01,0.08
gcag,1959-01,0.0137
GISTEMP,1959-02,0.07
gcag,1959-02,-0.0051
GISTEMP,1959-03,0.18
gcag,1959-03,0.0167
GISTEMP,1959-04,0.16
gcag,1959-04,0.0263
GISTEMP,1959-05,0.04
gcag,1959-05,-0.0385
GISTEMP,1959-06,0.03
gcag,1959-06,-0.0018
GISTEMP,1959-07,0.03
gcag,1959-07,-0.0436
GISTEMP,1959-08,-0.01
gcag,1959-08,-0.0413
GISTEMP,1959-09,-0.06
gcag,1959-09,-0.1412
GISTEMP,1959-10,-0.07
gcag,1959-10,-0.0713
GISTEMP,1959-11,-0.08
gcag,1959-11,-0.1863
GISTEMP,1959-12,0
gcag,1959-12,-0.1033
GISTEMP,1960-01,0
gcag,1960-01,-0.1147
GISTEMP,1960-02,0.13
gcag,1960-02,0.0228
GISTEMP,1960-03,-0.35
gcag,1960-03,-0.4469
GISTEMP,1960-04,-0.15
gcag,1960-04,-0.2619
GISTEMP,1960-05,-0.08
gcag,1960-05,-0.179
GISTEMP,1960-06,-0.04
gcag,1960-06,-0.1261
GISTEMP,1960-07,-0.04
gcag,1960-07,-0.1141
GISTEMP,1960-08,0.02
gcag,1960-08,-0.0062
GISTEMP,1960-09,0.07
gcag,1960-09,0.0032
GISTEMP,1960-10,0.06
gcag,1960-10,-0.0312
GISTEMP,1960-11,-0.11
gcag,1960-11,-0.215
GISTEMP,1960-12,0.19
gcag,1960-12,0.0836
GISTEMP,1961-01,0.07
gcag,1961-01,-0.0522
GISTEMP,1961-02,0.19
gcag,1961-02,0.0908
GISTEMP,1961-03,0.09
gcag,1961-03,-0.0616
GISTEMP,1961-04,0.13
gcag,1961-04,0.061
GISTEMP,1961-05,0.12
gcag,1961-05,0.0679
GISTEMP,1961-06,0.12
gcag,1961-06,0.0876
GISTEMP,1961-07,0.01
gcag,1961-07,-0.0397
GISTEMP,1961-08,0.01
gcag,1961-08,-0.0169
GISTEMP,1961-09,0.08
gcag,1961-09,-0.0302
GISTEMP,1961-10,0
gcag,1961-10,-0.0638
GISTEMP,1961-11,0.03
gcag,1961-11,-0.0311
GISTEMP,1961-12,-0.16
gcag,1961-12,-0.2518
GISTEMP,1962-01,0.05
gcag,1962-01,-0.057
GISTEMP,1962-02,0.15
gcag,1962-02,0.0122
GISTEMP,1962-03,0.1
gcag,1962-03,0.0187
GISTEMP,1962-04,0.05
gcag,1962-04,-0.0261
GISTEMP,1962-05,-0.06
gcag,1962-05,-0.1816
GISTEMP,1962-06,0.03
gcag,1962-06,-0.0563
GISTEMP,1962-07,0.02
gcag,1962-07,-0.1092
GISTEMP,1962-08,-0.01
gcag,1962-08,-0.1097
GISTEMP,1962-09,0
gcag,1962-09,-0.0748
GISTEMP,1962-10,0.01
gcag,1962-10,-0.0382
GISTEMP,1962-11,0.06
gcag,1962-11,-0.0209
GISTEMP,1962-12,-0.03
gcag,1962-12,-0.1256
GISTEMP,1963-01,-0.03
gcag,1963-01,-0.1219
GISTEMP,1963-02,0.18
gcag,1963-02,0.04
GISTEMP,1963-03,-0.14
gcag,1963-03,-0.341
GISTEMP,1963-04,-0.07
gcag,1963-04,-0.1791
GISTEMP,1963-05,-0.06
gcag,1963-05,-0.1467
GISTEMP,1963-06,0.05
gcag,1963-06,-0.0668
GISTEMP,1963-07,0.06
gcag,1963-07,0.0595
GISTEMP,1963-08,0.22
gcag,1963-08,0.1458
GISTEMP,1963-09,0.18
gcag,1963-09,0.122
GISTEMP,1963-10,0.14
gcag,1963-10,0.0642
GISTEMP,1963-11,0.15
gcag,1963-11,0.0447
GISTEMP,1963-12,-0.03
gcag,1963-12,-0.0625
GISTEMP,1964-01,-0.09
gcag,1964-01,-0.1945
GISTEMP,1964-02,-0.1
gcag,1964-02,-0.223
GISTEMP,1964-03,-0.21
gcag,1964-03,-0.3828
GISTEMP,1964-04,-0.32
gcag,1964-04,-0.4416
GISTEMP,1964-05,-0.25
gcag,1964-05,-0.3742
GISTEMP,1964-06,-0.04
gcag,1964-06,-0.1666
GISTEMP,1964-07,-0.04
gcag,1964-07,-0.2006
GISTEMP,1964-08,-0.22
gcag,1964-08,-0.3005
GISTEMP,1964-09,-0.29
gcag,1964-09,-0.4046
GISTEMP,1964-10,-0.32
gcag,1964-10,-0.3114
GISTEMP,1964-11,-0.21
gcag,1964-11,-0.2988
GISTEMP,1964-12,-0.3
gcag,1964-12,-0.3716
GISTEMP,1965-01,-0.08
gcag,1965-01,-0.1623
GISTEMP,1965-02,-0.17
gcag,1965-02,-0.2631
GISTEMP,1965-03,-0.13
gcag,1965-03,-0.2597
GISTEMP,1965-04,-0.19
gcag,1965-04,-0.2986
GISTEMP,1965-05,-0.12
gcag,1965-05,-0.192
GISTEMP,1965-06,-0.08
gcag,1965-06,-0.2075
GISTEMP,1965-07,-0.13
gcag,1965-07,-0.2666
GISTEMP,1965-08,-0.04
gcag,1965-08,-0.162
GISTEMP,1965-09,-0.15
gcag,1965-09,-0.2453
GISTEMP,1965-10,-0.05
gcag,1965-10,-0.1058
GISTEMP,1965-11,-0.06
gcag,1965-11,-0.1438
GISTEMP,1965-12,-0.08
gcag,1965-12,-0.1463
GISTEMP,1966-01,-0.19
gcag,1966-01,-0.2832
GISTEMP,1966-02,-0.04
gcag,1966-02,-0.1676
GISTEMP,1966-03,0.03
gcag,1966-03,-0.1708
GISTEMP,1966-04,-0.13
gcag,1966-04,-0.1705
GISTEMP,1966-05,-0.12
gcag,1966-05,-0.2186
GISTEMP,1966-06,0.01
gcag,1966-06,-0.105
GISTEMP,1966-07,0.08
gcag,1966-07,0.003
GISTEMP,1966-08,-0.09
gcag,1966-08,-0.1017
GISTEMP,1966-09,-0.03
gcag,1966-09,-0.0866
GISTEMP,1966-10,-0.17
gcag,1966-10,-0.2377
GISTEMP,1966-11,-0.01
gcag,1966-11,-0.1077
GISTEMP,1966-12,-0.03
gcag,1966-12,-0.1405
GISTEMP,1967-01,-0.08
gcag,1967-01,-0.2196
GISTEMP,1967-02,-0.21
gcag,1967-02,-0.3282
GISTEMP,1967-03,0.05
gcag,1967-03,-0.0937
GISTEMP,1967-04,-0.05
gcag,1967-04,-0.1324
GISTEMP,1967-05,0.12
gcag,1967-05,0.0569
GISTEMP,1967-06,-0.08
gcag,1967-06,-0.1082
GISTEMP,1967-07,0.02
gcag,1967-07,-0.0679
GISTEMP,1967-08,0.01
gcag,1967-08,-0.0992
GISTEMP,1967-09,-0.06
gcag,1967-09,-0.1245
GISTEMP,1967-10,0.09
gcag,1967-10,-0.0203
GISTEMP,1967-11,-0.05
gcag,1967-11,-0.1197
GISTEMP,1967-12,-0.05
gcag,1967-12,-0.1537
GISTEMP,1968-01,-0.26
gcag,1968-01,-0.3247
GISTEMP,1968-02,-0.14
gcag,1968-02,-0.2677
GISTEMP,1968-03,0.2
gcag,1968-03,-0.0037
GISTEMP,1968-04,-0.06
gcag,1968-04,-0.1804
GISTEMP,1968-05,-0.14
gcag,1968-05,-0.2261
GISTEMP,1968-06,-0.09
gcag,1968-06,-0.1518
GISTEMP,1968-07,-0.13
gcag,1968-07,-0.195
GISTEMP,1968-08,-0.09
gcag,1968-08,-0.13
GISTEMP,1968-09,-0.19
gcag,1968-09,-0.2265
GISTEMP,1968-10,0.09
gcag,1968-10,0.0082
GISTEMP,1968-11,-0.05
gcag,1968-11,-0.135
GISTEMP,1968-12,-0.15
gcag,1968-12,-0.1912
GISTEMP,1969-01,-0.11
gcag,1969-01,-0.1624
GISTEMP,1969-02,-0.18
gcag,1969-02,-0.1971
GISTEMP,1969-03,0.01
gcag,1969-03,-0.1328
GISTEMP,1969-04,0.17
gcag,1969-04,0.0493
GISTEMP,1969-05,0.18
gcag,1969-05,0.0651
GISTEMP,1969-06,0.03
gcag,1969-06,0.0057
GISTEMP,1969-07,-0.04
gcag,1969-07,-0.1092
GISTEMP,1969-08,0.03
gcag,1969-08,-0.0729
GISTEMP,1969-09,0.08
gcag,1969-09,-0.0131
GISTEMP,1969-10,0.09
gcag,1969-10,0.0009
GISTEMP,1969-11,0.12
gcag,1969-11,0.0231
GISTEMP,1969-12,0.24
gcag,1969-12,0.1667
GISTEMP,1970-01,0.08
gcag,1970-01,0.014
GISTEMP,1970-02,0.22
gcag,1970-02,0.0638
GISTEMP,1970-03,0.06
gcag,1970-03,-0.0881
GISTEMP,1970-04,0.05
gcag,1970-04,-0.0794
GISTEMP,1970-05,-0.03
gcag,1970-05,-0.1405
GISTEMP,1970-06,-0.03
gcag,1970-06,-0.137
GISTEMP,1970-07,0.01
gcag,1970-07,-0.112
GISTEMP,1970-08,-0.1
gcag,1970-08,-0.1992
GISTEMP,1970-09,0.12
gcag,1970-09,-0.0307
GISTEMP,1970-10,0.03
gcag,1970-10,-0.0603
GISTEMP,1970-11,0.02
gcag,1970-11,-0.0582
GISTEMP,1970-12,-0.12
gcag,1970-12,-0.193
GISTEMP,1971-01,-0.02
gcag,1971-01,-0.1437
GISTEMP,1971-02,-0.15
gcag,1971-02,-0.2726
GISTEMP,1971-03,-0.18
gcag,1971-03,-0.3366
GISTEMP,1971-04,-0.07
gcag,1971-04,-0.2329
GISTEMP,1971-05,-0.05
gcag,1971-05,-0.1975
GISTEMP,1971-06,-0.16
gcag,1971-06,-0.2552
GISTEMP,1971-07,-0.08
gcag,1971-07,-0.1848
GISTEMP,1971-08,-0.01
gcag,1971-08,-0.1812
GISTEMP,1971-09,-0.06
gcag,1971-09,-0.1264
GISTEMP,1971-10,-0.04
gcag,1971-10,-0.1562
GISTEMP,1971-11,-0.07
gcag,1971-11,-0.1528
GISTEMP,1971-12,-0.08
gcag,1971-12,-0.2307
GISTEMP,1972-01,-0.22
gcag,1972-01,-0.379
GISTEMP,1972-02,-0.18
gcag,1972-02,-0.2778
GISTEMP,1972-03,0.02
gcag,1972-03,-0.143
GISTEMP,1972-04,0
gcag,1972-04,-0.1276
GISTEMP,1972-05,-0.03
gcag,1972-05,-0.0825
GISTEMP,1972-06,0.04
gcag,1972-06,-0.0319
GISTEMP,1972-07,0.01
gcag,1972-07,-0.0927
GISTEMP,1972-08,0.16
gcag,1972-08,0.0612
GISTEMP,1972-09,0.02
gcag,1972-09,-0.0524
GISTEMP,1972-10,0.08
gcag,1972-10,-0.0568
GISTEMP,1972-11,0.02
gcag,1972-11,-0.0518
GISTEMP,1972-12,0.18
gcag,1972-12,0.1089
GISTEMP,1973-01,0.29
gcag,1973-01,0.1009
GISTEMP,1973-02,0.32
gcag,1973-02,0.1593
GISTEMP,1973-03,0.29
gcag,1973-03,0.115
GISTEMP,1973-04,0.27
gcag,1973-04,0.1992
GISTEMP,1973-05,0.23
gcag,1973-05,0.1081
GISTEMP,1973-06,0.19
gcag,1973-06,0.106
GISTEMP,1973-07,0.12
gcag,1973-07,0.0162
GISTEMP,1973-08,0.05
gcag,1973-08,-0.0275
GISTEMP,1973-09,0.09
gcag,1973-09,-0.0352
GISTEMP,1973-10,0.1
gcag,1973-10,0.0109
GISTEMP,1973-11,0.04
gcag,1973-11,-0.0252
GISTEMP,1973-12,-0.07
gcag,1973-12,-0.1284
GISTEMP,1974-01,-0.1
gcag,1974-01,-0.2824
GISTEMP,1974-02,-0.27
gcag,1974-02,-0.4466
GISTEMP,1974-03,-0.05
gcag,1974-03,-0.2372
GISTEMP,1974-04,-0.11
gcag,1974-04,-0.2014
GISTEMP,1974-05,-0.04
gcag,1974-05,-0.1266
GISTEMP,1974-06,-0.05
gcag,1974-06,-0.1153
GISTEMP,1974-07,-0.03
gcag,1974-07,-0.1359
GISTEMP,1974-08,0.1
gcag,1974-08,0.0231
GISTEMP,1974-09,-0.08
gcag,1974-09,-0.0927
GISTEMP,1974-10,-0.06
gcag,1974-10,-0.1153
GISTEMP,1974-11,-0.08
gcag,1974-11,-0.1262
GISTEMP,1974-12,-0.08
gcag,1974-12,-0.2139
GISTEMP,1975-01,0.1
gcag,1975-01,-0.0966
GISTEMP,1975-02,0.08
gcag,1975-02,-0.0209
GISTEMP,1975-03,0.12
gcag,1975-03,-0.0111
GISTEMP,1975-04,0.04
gcag,1975-04,-0.052
GISTEMP,1975-05,0.16
gcag,1975-05,0.053
GISTEMP,1975-06,-0.01
gcag,1975-06,-0.0608
GISTEMP,1975-07,-0.01
gcag,1975-07,-0.1047
GISTEMP,1975-08,-0.17
gcag,1975-08,-0.2324
GISTEMP,1975-09,-0.02
gcag,1975-09,-0.1395
GISTEMP,1975-10,-0.11
gcag,1975-10,-0.1537
GISTEMP,1975-11,-0.17
gcag,1975-11,-0.2636
GISTEMP,1975-12,-0.17
gcag,1975-12,-0.2468
GISTEMP,1976-01,-0.03
gcag,1976-01,-0.1696
GISTEMP,1976-02,-0.06
gcag,1976-02,-0.2319
GISTEMP,1976-03,-0.22
gcag,1976-03,-0.3369
GISTEMP,1976-04,-0.07
gcag,1976-04,-0.1859
GISTEMP,1976-05,-0.21
gcag,1976-05,-0.3588
GISTEMP,1976-06,-0.12
gcag,1976-06,-0.2395
GISTEMP,1976-07,-0.1
gcag,1976-07,-0.1728
GISTEMP,1976-08,-0.12
gcag,1976-08,-0.2424
GISTEMP,1976-09,-0.07
gcag,1976-09,-0.1511
GISTEMP,1976-10,-0.24
gcag,1976-10,-0.3323
GISTEMP,1976-11,-0.06
gcag,1976-11,-0.1394
GISTEMP,1976-12,0.11
gcag,1976-12,-0.0295
GISTEMP,1977-01,0.18
gcag,1977-01,0.1534
GISTEMP,1977-02,0.23
gcag,1977-02,0.1038
GISTEMP,1977-03,0.24
gcag,1977-03,0.0748
GISTEMP,1977-04,0.26
gcag,1977-04,0.1345
GISTEMP,1977-05,0.33
gcag,1977-05,0.2277
GISTEMP,1977-06,0.27
gcag,1977-06,0.2078
GISTEMP,1977-07,0.2
gcag,1977-07,0.1425
GISTEMP,1977-08,0.18
gcag,1977-08,0.1298
GISTEMP,1977-09,0.02
gcag,1977-09,-0.002
GISTEMP,1977-10,0.03
gcag,1977-10,-0.0162
GISTEMP,1977-11,0.16
gcag,1977-11,0.1211
GISTEMP,1977-12,0.03
gcag,1977-12,-0.0401
GISTEMP,1978-01,0.06
gcag,1978-01,0.037
GISTEMP,1978-02,0.1
gcag,1978-02,0.0739
GISTEMP,1978-03,0.19
gcag,1978-03,0.0593
GISTEMP,1978-04,0.17
gcag,1978-04,0.0532
GISTEMP,1978-05,0.09
gcag,1978-05,0.0115
GISTEMP,1978-06,-0.01
gcag,1978-06,-0.0551
GISTEMP,1978-07,0.04
gcag,1978-07,0.0163
GISTEMP,1978-08,-0.13
gcag,1978-08,-0.2167
GISTEMP,1978-09,0.06
gcag,1978-09,0.0417
GISTEMP,1978-10,0.03
gcag,1978-10,-0.0599
GISTEMP,1978-11,0.14
gcag,1978-11,0.0917
GISTEMP,1978-12,0.08
gcag,1978-12,0.0102
GISTEMP,1979-01,0.09
gcag,1979-01,0.0517
GISTEMP,1979-02,-0.1
gcag,1979-02,-0.1795
GISTEMP,1979-03,0.19
gcag,1979-03,0.0669
GISTEMP,1979-04,0.15
gcag,1979-04,0.077
GISTEMP,1979-05,0.04
gcag,1979-05,-0.0224
GISTEMP,1979-06,0.14
gcag,1979-06,0.0502
GISTEMP,1979-07,0.04
gcag,1979-07,0.018
GISTEMP,1979-08,0.17
gcag,1979-08,0.1145
GISTEMP,1979-09,0.25
gcag,1979-09,0.1729
GISTEMP,1979-10,0.26
gcag,1979-10,0.1473
GISTEMP,1979-11,0.28
gcag,1979-11,0.2078
GISTEMP,1979-12,0.48
gcag,1979-12,0.386
GISTEMP,1980-01,0.29
gcag,1980-01,0.2527
GISTEMP,1980-02,0.39
gcag,1980-02,0.3607
GISTEMP,1980-03,0.29
gcag,1980-03,0.2167
GISTEMP,1980-04,0.3
gcag,1980-04,0.2339
GISTEMP,1980-05,0.35
gcag,1980-05,0.2457
GISTEMP,1980-06,0.2
gcag,1980-06,0.1318
GISTEMP,1980-07,0.22
gcag,1980-07,0.2064
GISTEMP,1980-08,0.18
gcag,1980-08,0.1644
GISTEMP,1980-09,0.2
gcag,1980-09,0.1236
GISTEMP,1980-10,0.13
gcag,1980-10,0.097
GISTEMP,1980-11,0.3
gcag,1980-11,0.2063
GISTEMP,1980-12,0.22
gcag,1980-12,0.1137
GISTEMP,1981-01,0.53
gcag,1981-01,0.4439
GISTEMP,1981-02,0.42
gcag,1981-02,0.3365
GISTEMP,1981-03,0.48
gcag,1981-03,0.3308
GISTEMP,1981-04,0.32
gcag,1981-04,0.1989
GISTEMP,1981-05,0.25
gcag,1981-05,0.1477
GISTEMP,1981-06,0.29
gcag,1981-06,0.2447
GISTEMP,1981-07,0.32
gcag,1981-07,0.2643
GISTEMP,1981-08,0.35
gcag,1981-08,0.3121
GISTEMP,1981-09,0.15
gcag,1981-09,0.1368
GISTEMP,1981-10,0.12
gcag,1981-10,0.0553
GISTEMP,1981-11,0.23
gcag,1981-11,0.1657
GISTEMP,1981-12,0.41
gcag,1981-12,0.3634
GISTEMP,1982-01,0.04
gcag,1982-01,-0.0241
GISTEMP,1982-02,0.15
gcag,1982-02,0.0682
GISTEMP,1982-03,0.03
gcag,1982-03,-0.137
GISTEMP,1982-04,0.15
gcag,1982-04,0.0204
GISTEMP,1982-05,0.18
gcag,1982-05,0.0907
GISTEMP,1982-06,0.05
gcag,1982-06,-0.0013
GISTEMP,1982-07,0.14
gcag,1982-07,0.0758
GISTEMP,1982-08,0.03
gcag,1982-08,-0.0456
GISTEMP,1982-09,0.14
gcag,1982-09,0.0165
GISTEMP,1982-10,0.13
gcag,1982-10,0.0411
GISTEMP,1982-11,0.18
gcag,1982-11,0.029
GISTEMP,1982-12,0.42
gcag,1982-12,0.2773
GISTEMP,1983-01,0.53
gcag,1983-01,0.3584
GISTEMP,1983-02,0.43
gcag,1983-02,0.3364
GISTEMP,1983-03,0.41
gcag,1983-03,0.2476
GISTEMP,1983-04,0.27
gcag,1983-04,0.1754
GISTEMP,1983-05,0.34
gcag,1983-05,0.222
GISTEMP,1983-06,0.22
gcag,1983-06,0.1669
GISTEMP,1983-07,0.18
gcag,1983-07,0.1149
GISTEMP,1983-08,0.35
gcag,1983-08,0.2838
GISTEMP,1983-09,0.37
gcag,1983-09,0.3257
GISTEMP,1983-10,0.17
gcag,1983-10,0.1131
GISTEMP,1983-11,0.3
gcag,1983-11,0.2455
GISTEMP,1983-12,0.17
gcag,1983-12,0.096
GISTEMP,1984-01,0.31
gcag,1984-01,0.1576
GISTEMP,1984-02,0.14
gcag,1984-02,0.02
GISTEMP,1984-03,0.26
gcag,1984-03,0.144
GISTEMP,1984-04,0.06
gcag,1984-04,0.0101
GISTEMP,1984-05,0.33
gcag,1984-05,0.2143
GISTEMP,1984-06,0.02
gcag,1984-06,-0.0386
GISTEMP,1984-07,0.19
gcag,1984-07,0.0249
GISTEMP,1984-08,0.19
gcag,1984-08,0.0892
GISTEMP,1984-09,0.21
gcag,1984-09,0.1271
GISTEMP,1984-10,0.13
gcag,1984-10,0.0409
GISTEMP,1984-11,0.06
gcag,1984-11,-0.0577
GISTEMP,1984-12,-0.04
gcag,1984-12,-0.156
GISTEMP,1985-01,0.22
gcag,1985-01,0.1156
GISTEMP,1985-02,-0.04
gcag,1985-02,-0.1042
GISTEMP,1985-03,0.17
gcag,1985-03,0.0427
GISTEMP,1985-04,0.12
gcag,1985-04,0.0028
GISTEMP,1985-05,0.14
gcag,1985-05,0.068
GISTEMP,1985-06,0.15
gcag,1985-06,0.1212
GISTEMP,1985-07,0.04
gcag,1985-07,-0.0229
GISTEMP,1985-08,0.16
gcag,1985-08,0.1431
GISTEMP,1985-09,0.13
gcag,1985-09,0.1177
GISTEMP,1985-10,0.11
gcag,1985-10,0.0393
GISTEMP,1985-11,0.05
gcag,1985-11,0.0181
GISTEMP,1985-12,0.14
gcag,1985-12,0.0553
GISTEMP,1986-01,0.26
gcag,1986-01,0.1167
GISTEMP,1986-02,0.37
gcag,1986-02,0.3094
GISTEMP,1986-03,0.3
gcag,1986-03,0.1382
GISTEMP,1986-04,0.22
gcag,1986-04,0.1349
GISTEMP,1986-05,0.21
gcag,1986-05,0.131
GISTEMP,1986-06,0.12
gcag,1986-06,0.0399
GISTEMP,1986-07,0.11
gcag,1986-07,0.043
GISTEMP,1986-08,0.16
gcag,1986-08,0.0879
GISTEMP,1986-09,0.03
gcag,1986-09,0.0241
GISTEMP,1986-10,0.15
gcag,1986-10,0.051
GISTEMP,1986-11,0.1
gcag,1986-11,0.0401
GISTEMP,1986-12,0.13
gcag,1986-12,0.0321
GISTEMP,1987-01,0.32
gcag,1987-01,0.22
GISTEMP,1987-02,0.43
gcag,1987-02,0.316
GISTEMP,1987-03,0.18
gcag,1987-03,0.1043
GISTEMP,1987-04,0.24
gcag,1987-04,0.1889
GISTEMP,1987-05,0.25
gcag,1987-05,0.1694
GISTEMP,1987-06,0.35
gcag,1987-06,0.2659
GISTEMP,1987-07,0.4
gcag,1987-07,0.3477
GISTEMP,1987-08,0.24
gcag,1987-08,0.2105
GISTEMP,1987-09,0.35
gcag,1987-09,0.2659
GISTEMP,1987-10,0.32
gcag,1987-10,0.2696
GISTEMP,1987-11,0.29
gcag,1987-11,0.1861
GISTEMP,1987-12,0.46
gcag,1987-12,0.372
GISTEMP,1988-01,0.56
gcag,1988-01,0.4591
GISTEMP,1988-02,0.44
gcag,1988-02,0.333
GISTEMP,1988-03,0.51
gcag,1988-03,0.3852
GISTEMP,1988-04,0.42
gcag,1988-04,0.3277
GISTEMP,1988-05,0.44
gcag,1988-05,0.3193
GISTEMP,1988-06,0.4
gcag,1988-06,0.3304
GISTEMP,1988-07,0.33
gcag,1988-07,0.2557
GISTEMP,1988-08,0.39
gcag,1988-08,0.2577
GISTEMP,1988-09,0.36
gcag,1988-09,0.2583
GISTEMP,1988-10,0.37
gcag,1988-10,0.2547
GISTEMP,1988-11,0.12
gcag,1988-11,0.0286
GISTEMP,1988-12,0.29
gcag,1988-12,0.1762
GISTEMP,1989-01,0.12
gcag,1989-01,-0.026
GISTEMP,1989-02,0.3
gcag,1989-02,0.2374
GISTEMP,1989-03,0.36
gcag,1989-03,0.1851
GISTEMP,1989-04,0.29
gcag,1989-04,0.1496
GISTEMP,1989-05,0.17
gcag,1989-05,0.0383
GISTEMP,1989-06,0.15
gcag,1989-06,0.0938
GISTEMP,1989-07,0.34
gcag,1989-07,0.2638
GISTEMP,1989-08,0.33
gcag,1989-08,0.2522
GISTEMP,1989-09,0.34
gcag,1989-09,0.2977
GISTEMP,1989-10,0.29
gcag,1989-10,0.26
GISTEMP,1989-11,0.2
gcag,1989-11,0.1153
GISTEMP,1989-12,0.37
gcag,1989-12,0.2837
GISTEMP,1990-01,0.41
gcag,1990-01,0.2828
GISTEMP,1990-02,0.43
gcag,1990-02,0.2788
GISTEMP,1990-03,0.8
gcag,1990-03,0.6348
GISTEMP,1990-04,0.56
gcag,1990-04,0.494
GISTEMP,1990-05,0.45
gcag,1990-05,0.406
GISTEMP,1990-06,0.37
gcag,1990-06,0.3154
GISTEMP,1990-07,0.45
gcag,1990-07,0.3797
GISTEMP,1990-08,0.34
gcag,1990-08,0.281
GISTEMP,1990-09,0.23
gcag,1990-09,0.2203
GISTEMP,1990-10,0.44
gcag,1990-10,0.3865
GISTEMP,1990-11,0.46
gcag,1990-11,0.359
GISTEMP,1990-12,0.4
gcag,1990-12,0.2888
GISTEMP,1991-01,0.42
gcag,1991-01,0.3034
GISTEMP,1991-02,0.49
gcag,1991-02,0.407
GISTEMP,1991-03,0.35
gcag,1991-03,0.2474
GISTEMP,1991-04,0.51
gcag,1991-04,0.436
GISTEMP,1991-05,0.34
gcag,1991-05,0.314
GISTEMP,1991-06,0.53
gcag,1991-06,0.4335
GISTEMP,1991-07,0.47
gcag,1991-07,0.4674
GISTEMP,1991-08,0.39
gcag,1991-08,0.362
GISTEMP,1991-09,0.44
gcag,1991-09,0.3528
GISTEMP,1991-10,0.29
gcag,1991-10,0.2512
GISTEMP,1991-11,0.29
gcag,1991-11,0.2536
GISTEMP,1991-12,0.32
gcag,1991-12,0.2383
GISTEMP,1992-01,0.47
gcag,1992-01,0.3629
GISTEMP,1992-02,0.4
gcag,1992-02,0.3484
GISTEMP,1992-03,0.48
gcag,1992-03,0.3092
GISTEMP,1992-04,0.27
gcag,1992-04,0.1619
GISTEMP,1992-05,0.31
gcag,1992-05,0.168
GISTEMP,1992-06,0.25
gcag,1992-06,0.1564
GISTEMP,1992-07,0.08
gcag,1992-07,0.0053
GISTEMP,1992-08,0.08
gcag,1992-08,0.0377
GISTEMP,1992-09,-0.01
gcag,1992-09,-0.0899
GISTEMP,1992-10,0.06
gcag,1992-10,-0.0227
GISTEMP,1992-11,0.03
gcag,1992-11,-0.0373
GISTEMP,1992-12,0.22
gcag,1992-12,0.0987
GISTEMP,1993-01,0.34
gcag,1993-01,0.261
GISTEMP,1993-02,0.37
gcag,1993-02,0.2833
GISTEMP,1993-03,0.36
gcag,1993-03,0.2361
GISTEMP,1993-04,0.27
gcag,1993-04,0.1951
GISTEMP,1993-05,0.28
gcag,1993-05,0.1956
GISTEMP,1993-06,0.23
gcag,1993-06,0.1645
GISTEMP,1993-07,0.25
gcag,1993-07,0.1586
GISTEMP,1993-08,0.11
gcag,1993-08,0.0842
GISTEMP,1993-09,0.11
gcag,1993-09,0.0455
GISTEMP,1993-10,0.23
gcag,1993-10,0.1505
GISTEMP,1993-11,0.03
gcag,1993-11,0.0657
GISTEMP,1993-12,0.18
gcag,1993-12,0.1483
GISTEMP,1994-01,0.26
gcag,1994-01,0.2003
GISTEMP,1994-02,0.02
gcag,1994-02,0.014
GISTEMP,1994-03,0.29
gcag,1994-03,0.2355
GISTEMP,1994-04,0.41
gcag,1994-04,0.2556
GISTEMP,1994-05,0.28
gcag,1994-05,0.2077
GISTEMP,1994-06,0.43
gcag,1994-06,0.3144
GISTEMP,1994-07,0.3
gcag,1994-07,0.1822
GISTEMP,1994-08,0.21
gcag,1994-08,0.1733
GISTEMP,1994-09,0.31
gcag,1994-09,0.2722
GISTEMP,1994-10,0.42
gcag,1994-10,0.347
GISTEMP,1994-11,0.44
gcag,1994-11,0.3531
GISTEMP,1994-12,0.39
gcag,1994-12,0.2474
GISTEMP,1995-01,0.52
gcag,1995-01,0.4136
GISTEMP,1995-02,0.79
gcag,1995-02,0.6401
GISTEMP,1995-03,0.46
gcag,1995-03,0.3564
GISTEMP,1995-04,0.46
gcag,1995-04,0.4273
GISTEMP,1995-05,0.27
gcag,1995-05,0.2646
GISTEMP,1995-06,0.43
gcag,1995-06,0.3784
GISTEMP,1995-07,0.45
gcag,1995-07,0.4418
GISTEMP,1995-08,0.45
gcag,1995-08,0.3916
GISTEMP,1995-09,0.33
gcag,1995-09,0.2796
GISTEMP,1995-10,0.47
gcag,1995-10,0.3794
GISTEMP,1995-11,0.44
gcag,1995-11,0.3754
GISTEMP,1995-12,0.26
gcag,1995-12,0.174
GISTEMP,1996-01,0.24
gcag,1996-01,0.2164
GISTEMP,1996-02,0.45
gcag,1996-02,0.4616
GISTEMP,1996-03,0.32
gcag,1996-03,0.2884
GISTEMP,1996-04,0.33
gcag,1996-04,0.2516
GISTEMP,1996-05,0.27
gcag,1996-05,0.2371
GISTEMP,1996-06,0.25
gcag,1996-06,0.2165
GISTEMP,1996-07,0.36
gcag,1996-07,0.3254
GISTEMP,1996-08,0.48
gcag,1996-08,0.3515
GISTEMP,1996-09,0.25
gcag,1996-09,0.2046
GISTEMP,1996-10,0.24
gcag,1996-10,0.1277
GISTEMP,1996-11,0.38
gcag,1996-11,0.3163
GISTEMP,1996-12,0.37
gcag,1996-12,0.3233
GISTEMP,1997-01,0.33
gcag,1997-01,0.249
GISTEMP,1997-02,0.4
gcag,1997-02,0.3044
GISTEMP,1997-03,0.52
gcag,1997-03,0.3971
GISTEMP,1997-04,0.33
gcag,1997-04,0.3775
GISTEMP,1997-05,0.34
gcag,1997-05,0.3171
GISTEMP,1997-06,0.54
gcag,1997-06,0.4918
GISTEMP,1997-07,0.34
gcag,1997-07,0.3461
GISTEMP,1997-08,0.41
gcag,1997-08,0.4057
GISTEMP,1997-09,0.51
gcag,1997-09,0.4675
GISTEMP,1997-10,0.61
gcag,1997-10,0.5718
GISTEMP,1997-11,0.64
gcag,1997-11,0.6157
GISTEMP,1997-12,0.59
gcag,1997-12,0.5239
GISTEMP,1998-01,0.57
gcag,1998-01,0.563
GISTEMP,1998-02,0.88
gcag,1998-02,0.7974
GISTEMP,1998-03,0.63
gcag,1998-03,0.5895
GISTEMP,1998-04,0.63
gcag,1998-04,0.6509
GISTEMP,1998-05,0.68
gcag,1998-05,0.6391
GISTEMP,1998-06,0.77
gcag,1998-06,0.6679
GISTEMP,1998-07,0.66
gcag,1998-07,0.6591
GISTEMP,1998-08,0.65
gcag,1998-08,0.6456
GISTEMP,1998-09,0.41
gcag,1998-09,0.4348
GISTEMP,1998-10,0.41
gcag,1998-10,0.4111
GISTEMP,1998-11,0.43
gcag,1998-11,0.3822
GISTEMP,1998-12,0.54
gcag,1998-12,0.4876
GISTEMP,1999-01,0.48
gcag,1999-01,0.3873
GISTEMP,1999-02,0.64
gcag,1999-02,0.604
GISTEMP,1999-03,0.32
gcag,1999-03,0.2638
GISTEMP,1999-04,0.32
gcag,1999-04,0.2695
GISTEMP,1999-05,0.26
gcag,1999-05,0.2478
GISTEMP,1999-06,0.36
gcag,1999-06,0.3248
GISTEMP,1999-07,0.38
gcag,1999-07,0.3104
GISTEMP,1999-08,0.31
gcag,1999-08,0.3026
GISTEMP,1999-09,0.38
gcag,1999-09,0.276
GISTEMP,1999-10,0.34
gcag,1999-10,0.307
GISTEMP,1999-11,0.37
gcag,1999-11,0.2869
GISTEMP,1999-12,0.4
gcag,1999-12,0.3138
GISTEMP,2000-01,0.24
gcag,2000-01,0.1813
GISTEMP,2000-02,0.56
gcag,2000-02,0.4992
GISTEMP,2000-03,0.55
gcag,2000-03,0.445
GISTEMP,2000-04,0.56
gcag,2000-04,0.5384
GISTEMP,2000-05,0.36
gcag,2000-05,0.3058
GISTEMP,2000-06,0.4
gcag,2000-06,0.3502
GISTEMP,2000-07,0.39
gcag,2000-07,0.3258
GISTEMP,2000-08,0.42
gcag,2000-08,0.3747
GISTEMP,2000-09,0.38
gcag,2000-09,0.3108
GISTEMP,2000-10,0.26
gcag,2000-10,0.1948
GISTEMP,2000-11,0.3
gcag,2000-11,0.2453
GISTEMP,2000-12,0.28
gcag,2000-12,0.2017
GISTEMP,2001-01,0.45
gcag,2001-01,0.3642
GISTEMP,2001-02,0.44
gcag,2001-02,0.3919
GISTEMP,2001-03,0.55
gcag,2001-03,0.5205
GISTEMP,2001-04,0.5
gcag,2001-04,0.4525
GISTEMP,2001-05,0.57
gcag,2001-05,0.4893
GISTEMP,2001-06,0.52
gcag,2001-06,0.4459
GISTEMP,2001-07,0.59
gcag,2001-07,0.5091
GISTEMP,2001-08,0.49
gcag,2001-08,0.5075
GISTEMP,2001-09,0.51
gcag,2001-09,0.4926
GISTEMP,2001-10,0.5
gcag,2001-10,0.4642
GISTEMP,2001-11,0.72
gcag,2001-11,0.6921
GISTEMP,2001-12,0.55
gcag,2001-12,0.5416
GISTEMP,2002-01,0.77
gcag,2002-01,0.6474
GISTEMP,2002-02,0.78
gcag,2002-02,0.6426
GISTEMP,2002-03,0.88
gcag,2002-03,0.7994
GISTEMP,2002-04,0.58
gcag,2002-04,0.5682
GISTEMP,2002-05,0.64
gcag,2002-05,0.5028
GISTEMP,2002-06,0.53
gcag,2002-06,0.4493
GISTEMP,2002-07,0.61
gcag,2002-07,0.5695
GISTEMP,2002-08,0.53
gcag,2002-08,0.4985
GISTEMP,2002-09,0.63
gcag,2002-09,0.5019
GISTEMP,2002-10,0.54
gcag,2002-10,0.5004
GISTEMP,2002-11,0.59
gcag,2002-11,0.4945
GISTEMP,2002-12,0.44
gcag,2002-12,0.347
GISTEMP,2003-01,0.74
gcag,2003-01,0.6539
GISTEMP,2003-02,0.58
gcag,2003-02,0.4856
GISTEMP,2003-03,0.6
gcag,2003-03,0.4836
GISTEMP,2003-04,0.55
gcag,2003-04,0.4728
GISTEMP,2003-05,0.6
gcag,2003-05,0.5223
GISTEMP,2003-06,0.48
gcag,2003-06,0.4251
GISTEMP,2003-07,0.58
gcag,2003-07,0.4838
GISTEMP,2003-08,0.65
gcag,2003-08,0.6121
GISTEMP,2003-09,0.62
gcag,2003-09,0.5747
GISTEMP,2003-10,0.72
gcag,2003-10,0.6568
GISTEMP,2003-11,0.53
gcag,2003-11,0.4991
GISTEMP,2003-12,0.75
gcag,2003-12,0.6602
GISTEMP,2004-01,0.58
gcag,2004-01,0.509
GISTEMP,2004-02,0.72
gcag,2004-02,0.6349
GISTEMP,2004-03,0.63
gcag,2004-03,0.5283
GISTEMP,2004-04,0.61
gcag,2004-04,0.5228
GISTEMP,2004-05,0.37
gcag,2004-05,0.3509
GISTEMP,2004-06,0.44
gcag,2004-06,0.311
GISTEMP,2004-07,0.26
gcag,2004-07,0.2372
GISTEMP,2004-08,0.45
gcag,2004-08,0.4583
GISTEMP,2004-09,0.5
gcag,2004-09,0.4673
GISTEMP,2004-10,0.61
gcag,2004-10,0.5229
GISTEMP,2004-11,0.72
gcag,2004-11,0.6511
GISTEMP,2004-12,0.5
gcag,2004-12,0.4149
GISTEMP,2005-01,0.74
gcag,2005-01,0.6501
GISTEMP,2005-02,0.6
gcag,2005-02,0.5338
GISTEMP,2005-03,0.74
gcag,2005-03,0.6459
GISTEMP,2005-04,0.67
gcag,2005-04,0.6316
GISTEMP,2005-05,0.63
gcag,2005-05,0.5532
GISTEMP,2005-06,0.64
gcag,2005-06,0.5688
GISTEMP,2005-07,0.61
gcag,2005-07,0.5549
GISTEMP,2005-08,0.6
gcag,2005-08,0.581
GISTEMP,2005-09,0.71
gcag,2005-09,0.6341
GISTEMP,2005-10,0.75
gcag,2005-10,0.6844
GISTEMP,2005-11,0.73
gcag,2005-11,0.6432
GISTEMP,2005-12,0.68
gcag,2005-12,0.6013
GISTEMP,2006-01,0.56
gcag,2006-01,0.4999
GISTEMP,2006-02,0.73
gcag,2006-02,0.6456
GISTEMP,2006-03,0.63
gcag,2006-03,0.5437
GISTEMP,2006-04,0.47
gcag,2006-04,0.4862
GISTEMP,2006-05,0.48
gcag,2006-05,0.4718
GISTEMP,2006-06,0.66
gcag,2006-06,0.5719
GISTEMP,2006-07,0.54
gcag,2006-07,0.4764
GISTEMP,2006-08,0.7
gcag,2006-08,0.6334
GISTEMP,2006-09,0.65
gcag,2006-09,0.55
GISTEMP,2006-10,0.7
gcag,2006-10,0.6137
GISTEMP,2006-11,0.74
gcag,2006-11,0.6609
GISTEMP,2006-12,0.79
gcag,2006-12,0.7173
GISTEMP,2007-01,1.02
gcag,2007-01,0.893
GISTEMP,2007-02,0.7
gcag,2007-02,0.6397
GISTEMP,2007-03,0.71
gcag,2007-03,0.5919
GISTEMP,2007-04,0.76
gcag,2007-04,0.7261
GISTEMP,2007-05,0.68
gcag,2007-05,0.5801
GISTEMP,2007-06,0.61
gcag,2007-06,0.5007
GISTEMP,2007-07,0.59
gcag,2007-07,0.563
GISTEMP,2007-08,0.6
gcag,2007-08,0.5838
GISTEMP,2007-09,0.59
gcag,2007-09,0.5083
GISTEMP,2007-10,0.58
gcag,2007-10,0.5591
GISTEMP,2007-11,0.59
gcag,2007-11,0.5355
GISTEMP,2007-12,0.5
gcag,2007-12,0.419
GISTEMP,2008-01,0.3
gcag,2008-01,0.2102
GISTEMP,2008-02,0.38
gcag,2008-02,0.2693
GISTEMP,2008-03,0.75
gcag,2008-03,0.6137
GISTEMP,2008-04,0.54
gcag,2008-04,0.4481
GISTEMP,2008-05,0.5
gcag,2008-05,0.4325
GISTEMP,2008-06,0.49
gcag,2008-06,0.384
GISTEMP,2008-07,0.6
gcag,2008-07,0.5341
GISTEMP,2008-08,0.46
gcag,2008-08,0.4528
GISTEMP,2008-09,0.61
gcag,2008-09,0.548
GISTEMP,2008-10,0.67
gcag,2008-10,0.591
GISTEMP,2008-11,0.68
gcag,2008-11,0.6322
GISTEMP,2008-12,0.54
gcag,2008-12,0.4721
GISTEMP,2009-01,0.65
gcag,2009-01,0.5903
GISTEMP,2009-02,0.52
gcag,2009-02,0.4713
GISTEMP,2009-03,0.53
gcag,2009-03,0.4468
GISTEMP,2009-04,0.61
gcag,2009-04,0.5281
GISTEMP,2009-05,0.65
gcag,2009-05,0.5503
GISTEMP,2009-06,0.64
gcag,2009-06,0.6235
GISTEMP,2009-07,0.74
gcag,2009-07,0.6807
GISTEMP,2009-08,0.69
gcag,2009-08,0.6221
GISTEMP,2009-09,0.71
gcag,2009-09,0.6818
GISTEMP,2009-10,0.66
gcag,2009-10,0.6202
GISTEMP,2009-11,0.79
gcag,2009-11,0.7061
GISTEMP,2009-12,0.67
gcag,2009-12,0.6402
GISTEMP,2010-01,0.75
gcag,2010-01,0.7106
GISTEMP,2010-02,0.83
gcag,2010-02,0.7901
GISTEMP,2010-03,0.92
gcag,2010-03,0.8602
GISTEMP,2010-04,0.85
gcag,2010-04,0.8335
GISTEMP,2010-05,0.75
gcag,2010-05,0.7149
GISTEMP,2010-06,0.68
gcag,2010-06,0.645
GISTEMP,2010-07,0.63
gcag,2010-07,0.6174
GISTEMP,2010-08,0.67
gcag,2010-08,0.6146
GISTEMP,2010-09,0.63
gcag,2010-09,0.5643
GISTEMP,2010-10,0.71
gcag,2010-10,0.6421
GISTEMP,2010-11,0.81
gcag,2010-11,0.7346
GISTEMP,2010-12,0.45
gcag,2010-12,0.437
GISTEMP,2011-01,0.52
gcag,2011-01,0.4568
GISTEMP,2011-02,0.48
gcag,2011-02,0.4291
GISTEMP,2011-03,0.65
gcag,2011-03,0.5564
GISTEMP,2011-04,0.64
gcag,2011-04,0.6022
GISTEMP,2011-05,0.53
gcag,2011-05,0.4434
GISTEMP,2011-06,0.62
gcag,2011-06,0.5482
GISTEMP,2011-07,0.7
gcag,2011-07,0.6449
GISTEMP,2011-08,0.75
gcag,2011-08,0.651
GISTEMP,2011-09,0.56
gcag,2011-09,0.5379
GISTEMP,2011-10,0.65
gcag,2011-10,0.5763
GISTEMP,2011-11,0.58
gcag,2011-11,0.5113
GISTEMP,2011-12,0.59
gcag,2011-12,0.4948
GISTEMP,2012-01,0.47
gcag,2012-01,0.3696
GISTEMP,2012-02,0.49
gcag,2012-02,0.4647
GISTEMP,2012-03,0.56
gcag,2012-03,0.421
GISTEMP,2012-04,0.72
gcag,2012-04,0.6105
GISTEMP,2012-05,0.78
gcag,2012-05,0.6589
GISTEMP,2012-06,0.64
gcag,2012-06,0.6294
GISTEMP,2012-07,0.58
gcag,2012-07,0.5678
GISTEMP,2012-08,0.66
gcag,2012-08,0.6449
GISTEMP,2012-09,0.72
gcag,2012-09,0.6476
GISTEMP,2012-10,0.79
gcag,2012-10,0.7322
GISTEMP,2012-11,0.78
gcag,2012-11,0.721
GISTEMP,2012-12,0.53
gcag,2012-12,0.4637
GISTEMP,2013-01,0.7
gcag,2013-01,0.6078
GISTEMP,2013-02,0.62
gcag,2013-02,0.5265
GISTEMP,2013-03,0.67
gcag,2013-03,0.5829
GISTEMP,2013-04,0.53
gcag,2013-04,0.5748
GISTEMP,2013-05,0.6
gcag,2013-05,0.5569
GISTEMP,2013-06,0.69
gcag,2013-06,0.6593
GISTEMP,2013-07,0.59
gcag,2013-07,0.5892
GISTEMP,2013-08,0.7
gcag,2013-08,0.6352
GISTEMP,2013-09,0.76
gcag,2013-09,0.7222
GISTEMP,2013-10,0.69
gcag,2013-10,0.6504
GISTEMP,2013-11,0.83
gcag,2013-11,0.77
GISTEMP,2013-12,0.7
gcag,2013-12,0.6076
GISTEMP,2014-01,0.76
gcag,2014-01,0.6696
GISTEMP,2014-02,0.55
gcag,2014-02,0.4908
GISTEMP,2014-03,0.78
gcag,2014-03,0.6945
GISTEMP,2014-04,0.8
gcag,2014-04,0.7363
GISTEMP,2014-05,0.86
gcag,2014-05,0.7371
GISTEMP,2014-06,0.67
gcag,2014-06,0.6175
GISTEMP,2014-07,0.58
gcag,2014-07,0.581
GISTEMP,2014-08,0.83
gcag,2014-08,0.7338
GISTEMP,2014-09,0.87
gcag,2014-09,0.7568
GISTEMP,2014-10,0.8
gcag,2014-10,0.7424
GISTEMP,2014-11,0.67
gcag,2014-11,0.63
GISTEMP,2014-12,0.78
gcag,2014-12,0.6848
GISTEMP,2015-01,0.87
gcag,2015-01,0.74
GISTEMP,2015-02,0.9
gcag,2015-02,0.7818
GISTEMP,2015-03,0.96
gcag,2015-03,0.7953
GISTEMP,2015-04,0.75
gcag,2015-04,0.7009
GISTEMP,2015-05,0.79
gcag,2015-05,0.731
GISTEMP,2015-06,0.81
gcag,2015-06,0.7596
GISTEMP,2015-07,0.73
gcag,2015-07,0.7145
GISTEMP,2015-08,0.79
gcag,2015-08,0.7992
GISTEMP,2015-09,0.85
gcag,2015-09,0.8261
GISTEMP,2015-10,1.09
gcag,2015-10,1.0153
GISTEMP,2015-11,1.06
gcag,2015-11,0.996
GISTEMP,2015-12,1.17
gcag,2015-12,1.0417
GISTEMP,2016-01,1.18
gcag,2016-01,1.0878
GISTEMP,2016-02,1.36
gcag,2016-02,1.2236
GISTEMP,2016-03,1.35
gcag,2016-03,1.1821
GISTEMP,2016-04,1.09
gcag,2016-04,1.0296
GISTEMP,2016-05,0.95
gcag,2016-05,0.8805
GISTEMP,2016-06,0.8
gcag,2016-06,0.7771
GISTEMP,2016-07,0.84
gcag,2016-07,0.7777
GISTEMP,2016-08,1.02
gcag,2016-08,0.9486
GISTEMP,2016-09,0.9
gcag,2016-09,0.8455
GISTEMP,2016-10,0.88
gcag,2016-10,0.819
GISTEMP,2016-11,0.92
gcag,2016-11,0.8445
GISTEMP,2016-12,0.87
gcag,2016-12,0.7791
GISTEMP,2017-01,1.03
gcag,2017-01,0.952
GISTEMP,2017-02,1.14
gcag,2017-02,1.0671
GISTEMP,2017-03,1.16
gcag,2017-03,1.0646
GISTEMP,2017-04,0.94
gcag,2017-04,0.846
GISTEMP,2017-05,0.91
gcag,2017-05,0.7798
GISTEMP,2017-06,0.71
gcag,2017-06,0.6575
GISTEMP,2017-07,0.81
gcag,2017-07,0.8046
GISTEMP,2017-08,0.87
gcag,2017-08,0.811
GISTEMP,2017-09,0.76
gcag,2017-09,0.7293
GISTEMP,2017-10,0.9
gcag,2017-10,0.8095
GISTEMP,2017-11,0.88
gcag,2017-11,0.8059
GISTEMP,2017-12,0.93
gcag,2017-12,0.8148
GISTEMP,2018-01,0.83
gcag,2018-01,0.7106
GISTEMP,2018-02,0.85
gcag,2018-02,0.7958
GISTEMP,2018-03,0.88
gcag,2018-03,0.7901
GISTEMP,2018-04,0.88
gcag,2018-04,0.8223
GISTEMP,2018-05,0.82
gcag,2018-05,0.7132
GISTEMP,2018-06,0.77
gcag,2018-06,0.7375
GISTEMP,2018-07,0.83
gcag,2018-07,0.7334
GISTEMP,2018-08,0.76
gcag,2018-08,0.7347
GISTEMP,2018-09,0.8
gcag,2018-09,0.6759
GISTEMP,2018-10,1.01
gcag,2018-10,0.8693
GISTEMP,2018-11,0.82
gcag,2018-11,0.7448
GISTEMP,2018-12,0.92
gcag,2018-12,0.8243
GISTEMP,2019-01,0.93
gcag,2019-01,0.7996
GISTEMP,2019-02,0.95
gcag,2019-02,0.8442
GISTEMP,2019-03,1.17
gcag,2019-03,1.0757
GISTEMP,2019-04,1.01
gcag,2019-04,0.9388
GISTEMP,2019-05,0.85
gcag,2019-05,0.7776
GISTEMP,2019-06,0.9
gcag,2019-06,0.8091
GISTEMP,2019-07,0.94
gcag,2019-07,0.8572
GISTEMP,2019-08,0.95
gcag,2019-08,0.8583
GISTEMP,2019-09,0.92
gcag,2019-09,0.8027
GISTEMP,2019-10,1
gcag,2019-10,0.9556
GISTEMP,2019-11,0.99
gcag,2019-11,0.9372
GISTEMP,2019-12,1.1
gcag,2019-12,1.0368
GISTEMP,2020-01,1.17
gcag,2020-01,1.0695
GISTEMP,2020-02,1.24
gcag,2020-02,1.1134
GISTEMP,2020-03,1.17
gcag,2020-03,1.0944
GISTEMP,2020-04,1.12
gcag,2020-04,1.0627
GISTEMP,2020-05,1.01
gcag,2020-05,0.9079
GISTEMP,2020-06,0.91
gcag,2020-06,0.8251
GISTEMP,2020-07,0.89
gcag,2020-07,0.8161
GISTEMP,2020-08,0.86
gcag,2020-08,0.801
GISTEMP,2020-09,0.98
gcag,2020-09,0.8671
GISTEMP,2020-10,0.87
gcag,2020-10,0.8107
GISTEMP,2020-11,1.1
gcag,2020-11,1.0142
GISTEMP,2020-12,0.79
gcag,2020-12,0.693
GISTEMP,2021-01,0.81
gcag,2021-01,0.7009
GISTEMP,2021-02,0.64
gcag,2021-02,0.5646
GISTEMP,2021-03,0.89
gcag,2021-03,0.7263
GISTEMP,2021-04,0.76
gcag,2021-04,0.7602
GISTEMP,2021-05,0.79
gcag,2021-05,0.7064
GISTEMP,2021-06,0.84
gcag,2021-06,0.7133
GISTEMP,2021-07,0.92
gcag,2021-07,0.7917
GISTEMP,2021-08,0.82
gcag,2021-08,0.7995
GISTEMP,2021-09,0.92
gcag,2021-09,0.8675
GISTEMP,2021-10,0.99
gcag,2021-10,0.9074
GISTEMP,2021-11,0.93
gcag,2021-11,0.8536
GISTEMP,2021-12,0.87
gcag,2021-12,0.7514
GISTEMP,2022-01,0.91
gcag,2022-01,0.779
GISTEMP,2022-02,0.89
gcag,2022-02,0.7636
GISTEMP,2022-03,1.05
gcag,2022-03,0.8896
GISTEMP,2022-04,0.84
gcag,2022-04,0.7703
GISTEMP,2022-05,0.84
gcag,2022-05,0.7614
GISTEMP,2022-06,0.92
gcag,2022-06,0.8582
GISTEMP,2022-07,0.94
gcag,2022-07,0.7784
GISTEMP,2022-08,0.95
gcag,2022-08,0.8533
GISTEMP,2022-09,0.89
gcag,2022-09,0.7901
GISTEMP,2022-10,0.96
gcag,2022-10,0.9289
GISTEMP,2022-11,0.73
gcag,2022-11,0.6746
GISTEMP,2022-12,0.8
gcag,2022-12,0.7684
GISTEMP,2023-01,0.87
gcag,2023-01,0.7786
GISTEMP,2023-02,0.96
gcag,2023-02,0.8693
GISTEMP,2023-03,1.22
gcag,2023-03,1.1247
GISTEMP,2023-04,0.99
gcag,2023-04,0.9275
GISTEMP,2023-05,0.94
gcag,2023-05,0.8714
GISTEMP,2023-06,1.08
gcag,2023-06,1.0518
GISTEMP,2023-07,1.19
gcag,2023-07,1.15
GISTEMP,2023-08,1.19
gcag,2023-08,1.1993
GISTEMP,2023-09,1.48
gcag,2023-09,1.3522
GISTEMP,2023-10,1.34
gcag,2023-10,1.2866
GISTEMP,2023-11,1.42
gcag,2023-11,1.3338
GISTEMP,2023-12,1.35
gcag,2023-12,1.2586
gcag,2024-01,1.1516
gcag,2024-02,1.2902
gcag,2024-03,1.2515
gcag,2024-04,1.2053
gcag,2024-05,1.0745
gcag,2024-06,1.1154
gcag,2024-07,1.1398